BJD - 2454833, Corrected Flux
2061.305421750, 1.054032569,
2061.325853917, 1.054610825,
2061.346285982, 1.056792457,
2061.366717948, 1.057533146,
2061.387150113, 1.055912147,
2061.407582177, 1.057432583,
2061.428014342, 1.057076153,
2061.489310531, 1.025750606,
2061.509742494, 1.026166721,
2061.530174556, 1.026702593,
2061.550606718, 1.029462983,
2061.571038779, 1.029374615,
2061.591470740, 1.028800387,
2061.611902900, 1.031680431,
2061.632334960, 1.029620225,
2061.652766920, 1.031363653,
2061.673199079, 1.029440072,
2061.693631138, 1.031501232,
2061.714063197, 1.030168011,
2061.734495255, 1.029972397,
2061.754927312, 1.027012946,
2061.775359370, 1.026887302,
2061.795791426, 1.026444982,
2061.816223483, 1.026207141,
2061.836655539, 1.027378118,
2061.857087594, 1.026672966,
2061.877519549, 1.026412672,
2061.897951704, 1.027348470,
2061.918383758, 1.026578369,
2061.938815812, 1.022806658,
2061.959247866, 1.022611735,
2061.979679919, 1.019863113,
2062.000112072, 1.016789352,
2062.020544024, 1.017574377,
2062.040976076, 1.014531220,
2062.061408227, 1.012009353,
2062.081840179, 1.007833070,
2062.102272229, 1.005728217,
2062.122704380, 1.005651859,
2062.143136429, 1.005587859,
2062.163568379, 1.006413195,
2062.224864525, 0.965993609,
2062.245296673, 0.965672187,
2062.265728720, 0.973124091,
2062.286160667, 0.963765930,
2062.306592814, 0.960707990,
2062.327024861, 0.958887486,
2062.347457006, 0.956974352,
2062.367888952, 0.964329844,
2062.388320997, 0.955424600,
2062.408753142, 0.951590968,
2062.429185086, 0.949238033,
2062.449617130, 0.945372358,
2062.470049173, 0.944185873,
2062.490481216, 0.946364016,
2062.510913259, 0.941753759,
2062.531345301, 0.940431802,
2062.551777343, 0.933317700,
2062.572209384, 0.937601362,
2062.592641425, 0.929346415,
2062.613073466, 0.914418490,
2062.633505506, 0.906375643,
2062.653937646, 0.895499616,
2062.674369585, 0.891335247,
2062.694801725, 0.889250840,
2062.715233763, 0.887368605,
2062.735665701, 0.886372086,
2062.756097839, 0.886004041,
2062.776529877, 0.886437700,
2062.796961814, 0.886658101,
2062.817393951, 0.885483996,
2062.837825987, 0.886685245,
2062.858257922, 0.886270019,
2062.878690058, 0.890587708,
2062.899122093, 0.894487046,
2062.919554028, 0.896356887,
2062.939986162, 0.898330168,
2062.960418196, 0.901188484,
2062.980850229, 0.905395389,
2063.001282262, 0.912252316,
2063.021714295, 0.914680672,
2063.042146327, 0.918259770,
2063.062578359, 0.924080706,
2063.083010391, 0.927726821,
2063.103442522, 0.932209882,
2063.123874553, 0.939439503,
2063.144306483, 0.945215089,
2063.164738613, 0.949899750,
2063.185170642, 0.955276624,
2063.205602571, 0.960808954,
2063.226034700, 0.964829175,
2063.246466628, 0.969907455,
2063.266898656, 0.971577763,
2063.287330783, 0.974639417,
2063.307762711, 0.978576273,
2063.328194737, 0.980710523,
2063.348626863, 0.982652472,
2063.369058790, 0.986511056,
2063.389490815, 0.994347865,
2063.409922940, 0.997115861,
2063.430354865, 0.998264104,
2063.450786890, 0.999195512,
2063.471219013, 1.001670144,
2063.491651037, 0.999174755,
2063.512083060, 0.997471291,
2063.532515083, 0.994514014,
2063.552947105, 0.993533440,
2063.593811149, 0.996344450,
2063.695971351, 0.980878844,
2063.716403270, 0.986365330,
2063.736835289, 0.988533099,
2063.757267407, 0.989283504,
2063.777699326, 0.994087455,
2063.798131343, 1.003690725,
2063.818563461, 1.008946807,
2063.838995377, 1.017695380,
2063.859427394, 1.026598091,
2063.879859510, 1.037572101,
2063.900291426, 1.039166414,
2063.920723541, 1.037954702,
2063.941155556, 1.037522539,
2063.961587471, 1.035149625,
2063.982019585, 1.032646245,
2064.002451599, 1.032694268,
2064.022883512, 1.030747444,
2064.043315625, 1.029478971,
2064.063747638, 1.026700431,
2064.084179550, 1.023252922,
2064.104611662, 1.025175170,
2064.125043673, 1.024933368,
2064.554115824, 1.010663561,
2064.574547927, 1.008533901,
2064.594979929, 1.006413139,
2064.635843933, 0.998566012,
2064.656275934, 0.997364320,
2064.738003836, 0.997771591,
2064.758435936, 0.995528635,
2064.778867835, 0.989427403,
2064.799299934, 0.986110929,
2064.840163930, 0.978451138,
2064.921891918, 0.990006402,
2064.942323914, 0.986290113,
2064.962755910, 0.980765454,
2064.983188005, 0.976621364,
2065.003619900, 0.972917789,
2065.024051894, 0.968606017,
2065.044483988, 0.964763054,
2065.064915882, 0.962005940,
2065.085347875, 0.962056131,
2065.105779968, 0.960223330,
2065.126211861, 0.957662580,
2065.146643853, 0.955091674,
2065.167075945, 0.950928092,
2065.187507836, 0.944384764,
2065.207939927, 0.941938737,
2065.228371918, 0.940352604,
2065.248803809, 0.938833227,
2065.269235899, 0.937746402,
2065.289667888, 0.933488971,
2065.310099877, 0.929903476,
2065.330531866, 0.925056866,
2065.350963855, 0.924463512,
2065.371395843, 0.921942642,
2065.391827830, 0.920377979,
2065.412259817, 0.930832807,
2065.432691804, 0.917999115,
2065.453123791, 0.917327248,
2065.473555777, 0.916818745,
2065.493987663, 0.920827719,
2065.514419748, 0.931729618,
2065.534851734, 0.928670879,
2065.555283618, 0.928779042,
2065.575715702, 0.929967662,
2065.596147686, 0.926174377,
2065.657443636, 0.962205574,
2065.677875718, 0.966873050,
2065.698307600, 0.968496661,
2065.718739582, 0.971129328,
2065.739171663, 0.973951173,
2065.759603544, 0.975556171,
2065.780035524, 0.977069658,
2065.800467604, 0.976575625,
2065.820899584, 0.976545644,
2065.841331464, 0.978420577,
2065.861763543, 0.976053914,
2065.882195521, 0.978929423,
2065.902627399, 0.982147298,
2065.923059478, 0.988280674,
2065.943491455, 0.986564740,
2065.963923332, 0.987231613,
2065.984355409, 0.989812899,
2066.004787385, 0.986747831,
2066.025219261, 0.985611899,
2066.045651337, 0.987420886,
2066.066083312, 0.989432933,
2066.086515387, 0.992339285,
2066.147811210, 0.998284769,
2066.168243183, 0.999003257,
2066.188675156, 1.000288128,
2066.209107129, 1.005618681,
2066.229539101, 1.006813989,
2066.249971073, 1.007342909,
2066.270403044, 1.001870798,
2066.290835016, 0.995410304,
2066.311266986, 0.994387354,
2066.331699057, 0.994190068,
2066.392994966, 1.020653845,
2066.413426835, 1.021457607,
2066.433858803, 1.019397128,
2066.454290872, 1.018647318,
2066.474722740, 1.018877450,
2066.495154707, 1.018184580,
2066.515586774, 1.029163589,
2066.536018641, 1.023100631,
2066.556450707, 1.021900224,
2066.576882673, 1.024236678,
2066.597314539, 1.025390684,
2066.617746604, 1.025062049,
2066.638178569, 1.022365234,
2066.658610534, 1.023095958,
2066.679042498, 1.019048709,
2066.699474462, 1.015305934,
2066.719906425, 1.014881637,
2066.740338388, 1.018298329,
2066.760770351, 1.012872449,
2066.781202313, 1.006920430,
2066.801634375, 1.003776087,
2066.822066237, 1.002504193,
2066.862930159, 1.026843207,
2066.883362119, 1.022969875,
2066.903794080, 1.022156138,
2066.924226139, 1.019552389,
2066.944657999, 1.025277502,
2066.965089858, 1.028397883,
2066.985521917, 1.028707213,
2067.005953875, 1.027087633,
2067.026385933, 1.027836410,
2067.046817791, 1.027090894,
2067.067249748, 1.023984056,
2067.087681804, 1.022704759,
2067.108113661, 1.019435543,
2067.128545617, 1.021584905,
2067.148977673, 1.022779474,
2067.169409628, 1.023678804,
2067.189841484, 1.018153460,
2067.210273538, 1.009989937,
2067.230705492, 1.006512172,
2067.251137346, 1.006891693,
2067.271569400, 1.008925463,
2067.292001353, 1.015037863,
2067.312433206, 1.027501997,
2067.353297211, 1.026396945,
2067.373729063, 1.022188140,
2067.394161114, 1.024696490,
2067.414593065, 1.023706505,
2067.435024915, 1.023212056,
2067.455456966, 1.022967513,
2067.475888916, 1.019787456,
2067.496320965, 1.014141223,
2067.516752815, 1.014100013,
2067.537184764, 1.010605476,
2067.557616812, 1.005933368,
2067.578048660, 1.001634180,
2067.598480608, 1.001117272,
2067.618912556, 1.001996563,
2067.639344603, 0.999517592,
2067.659776449, 0.989300780,
2067.680208396, 0.978820631,
2067.700640342, 0.980454913,
2067.721072287, 0.981954910,
2067.741504333, 0.991115400,
2067.761936177, 0.995558473,
2067.782368122, 1.012216727,
2067.864095997, 0.990809112,
2067.884527840, 0.988966386,
2067.904959882, 0.983911501,
2067.925391824, 0.978955422,
2067.945823666, 0.978342280,
2067.966255707, 0.973140276,
2067.986687648, 0.968314183,
2068.007119589, 0.963416804,
2068.027551529, 0.966213777,
2068.047983469, 0.965493466,
2068.129711225, 0.977105827,
2068.150143263, 0.976324816,
2068.170575101, 0.971438304,
2068.191007039, 0.968588910,
2068.211439076, 0.962873515,
2068.231870913, 0.958993383,
2068.252302849, 0.953665038,
2068.272734885, 0.950045885,
2068.293166720, 0.946511526,
2068.313598656, 0.944781988,
2068.334030691, 0.943095982,
2068.354462526, 0.940067900,
2068.374894560, 0.933684354,
2068.395326394, 0.937834602,
2068.415758327, 0.942450886,
2068.436190360, 0.943707924,
2068.456622193, 0.944353153,
2068.477054126, 0.942625003,
2068.497486158, 0.939126629,
2068.517917990, 0.939997671,
2068.538349921, 0.937267281,
2068.558781952, 0.938069857,
2068.579213883, 0.934733788,
2068.599645713, 0.936418382,
2068.620077744, 0.938923220,
2068.640509673, 0.941452633,
2068.660941503, 0.946807893,
2068.681373531, 0.952097317,
2068.701805460, 0.951534108,
2068.722237288, 0.948158082,
2068.742669316, 0.949381270,
2068.763101244, 0.957915819,
2068.844829050, 0.995398080,
2068.865260876, 0.997212540,
2068.885692802, 0.999093895,
2068.906124827, 0.998077969,
2068.926556652, 0.997141056,
2068.946988576, 0.997776689,
2068.987852524, 1.004209587,
2069.008284347, 1.005550179,
2069.028716370, 1.010168132,
2069.049148293, 1.012176989,
2069.069580115, 1.014390834,
2069.090012138, 1.012082842,
2069.110443959, 1.012173895,
2069.130875881, 1.008352320,
2069.151307902, 1.010927384,
2069.171739822, 1.011552104,
2069.192171642, 1.013177255,
2069.212603662, 1.008812625,
2069.233035482, 1.005038326,
2069.253467501, 1.003759000,
2069.273899420, 1.008852560,
2069.314763257, 1.029401654,
2069.335195174, 1.027860961,
2069.355626992, 1.025446831,
2069.376059009, 1.023638059,
2069.396490926, 1.020294000,
2069.416922842, 1.020258416,
2069.437354759, 1.024022849,
2069.457786674, 1.019786380,
2069.478218590, 1.009493465,
2069.498650505, 1.011449340,
2069.519082420, 1.018642804,
2069.580378162, 1.031893463,
2069.600810075, 1.028747617,
2069.621242088, 1.032661557,
2069.641673901, 1.033596974,
2069.662105913, 1.033455480,
2069.682537825, 1.032254508,
2069.702969637, 1.026204288,
2069.723401648, 1.023783101,
2069.743833559, 1.026595864,
2069.764265370, 1.022770338,
2069.784697380, 1.033117823,
2069.805129290, 1.017905811,
2069.825561100, 1.007473301,
2069.845993109, 1.012314990,
2069.866424918, 1.023204343,
2069.927720743, 1.070608066,
2069.948152550, 1.030583470,
2069.968584558, 1.022442031,
2069.989016465, 1.024654490,
2070.009448271, 1.026697059,
2070.091175994, 1.105553017,
2070.111607899, 1.027480921,
2070.132039903, 1.021075344,
2070.152471708, 1.014798093,
2070.172903611, 1.007046455,
2070.193335615, 1.003796159,
2070.213767418, 1.006721744,
2070.234199321, 1.001556395,
2070.254631323, 0.999235052,
2070.275063126, 0.995905288,
2070.295495027, 0.985079513,
2070.315927029, 0.976989756,
2070.336358830, 0.966861888,
2070.356790731, 0.955767438,
2070.377222731, 0.949924281,
2070.397654631, 0.947444713,
2070.418086431, 0.932628171,
2070.438518431, 0.920448873,
2070.458950330, 0.907394857,
2070.479382129, 0.902043774,
2070.540678023, 0.894265674,
2070.561109821, 0.884050975,
2070.581541618, 0.867421481,
2070.601973614, 0.856966915,
2070.622405511, 0.852396353,
2070.642837307, 0.849473044,
2070.663269303, 0.852304838,
2070.683701198, 0.853758852,
2070.704132993, 0.853801731,
2070.724564988, 0.846852452,
2070.744996883, 0.842141635,
2070.765428777, 0.843285091,
2070.785860671, 0.842417569,
2070.806292564, 0.850354515,
2070.826724457, 0.847960168,
2070.847156350, 0.847940082,
2070.867588242, 0.855902328,
2070.888020135, 0.865928670,
2070.908452126, 0.879861175,
2070.928883918, 0.894023786,
2070.949315909, 0.924085672,
2070.969747800, 0.943503257,
2071.031043470, 0.915279597,
2071.051475260, 0.912644999,
2071.071907249, 0.916923243,
2071.092339138, 0.921683498,
2071.112770926, 0.928738390,
2071.133202914, 0.933640765,
2071.153634802, 0.928177868,
2071.174066590, 0.921934170,
2071.194498577, 0.928506333,
2071.214930464, 0.933851931,
2071.296658008, 0.969988816,
2071.317089893, 0.976345141,
2071.337521778, 0.972956302,
2071.357953663, 0.973781998,
2071.378385547, 0.974588336,
2071.398817431, 0.977556656,
2071.419249414, 0.985423910,
2071.439681198, 0.995767093,
2071.460113081, 0.995766327,
2071.480545063, 0.994644911,
2071.500976845, 0.996177805,
2071.521408727, 0.997602182,
2071.541840709, 0.999552077,
2071.562272490, 0.997351263,
2071.582704371, 1.000819637,
2071.603136352, 0.995823222,
2071.623568132, 0.996631855,
2071.644000012, 1.001971771,
2071.684863771, 1.004046392,
2071.705295650, 1.007598656,
2071.725727629, 1.006121344,
2071.746159507, 1.002450985,
2071.766591385, 1.004634985,
2071.787023263, 0.999034017,
2071.827887017, 0.996322048,
2071.848318894, 0.996601530,
2071.868750771, 1.000055982,
2071.889182747, 0.995537102,
2071.909614523, 0.994081803,
2071.930046398, 0.979364629,
2071.950478373, 0.974302451,
2072.052637644, 0.981212475,
2072.073069517, 0.977500198,
2072.093501390, 0.980397754,
2072.113933263, 0.979108822,
2072.134365135, 0.981710757,
2072.154797007, 0.984708357,
2072.175228878, 0.983350037,
2072.195660750, 0.981156100,
2072.236524591, 0.980500594,
2072.256956462, 0.980223630,
2072.277388232, 0.980539332,
2072.297820201, 0.985550258,
2072.318252071, 0.983954481,
2072.338683840, 0.981729968,
2072.359115809, 0.995503939,
2072.379547677, 1.006337723,
2072.399979445, 1.005135836,
2072.502138881, 0.980858607,
2072.522570647, 0.978405532,
2072.543002613, 0.980881511,
2072.563434478, 0.977404694,
2072.583866344, 0.974234202,
2072.604298209, 0.973974994,
2072.624730073, 0.973233957,
2072.645162037, 0.970100254,
2072.665593801, 0.973989535,
2072.686025665, 0.976151869,
2072.706457628, 0.974444091,
2072.747321254, 0.974476323,
2072.767753217, 0.965472422,
2072.788185079, 0.959762800,
2072.808616840, 0.955731800,
2072.829048802, 0.952817906,
2072.849480563, 0.943108664,
2072.869912424, 0.938648117,
2072.890344384, 0.931643297,
2072.931208004, 0.916503162,
2072.951639964, 0.906676935,
2072.972071723, 0.896286940,
2072.992503582, 0.884978324,
2073.012935541, 0.867545583,
2073.033367299, 0.858626841,
2073.053799257, 0.848962296,
2073.074231115, 0.836247504,
2073.094662972, 0.819919599,
2073.115094829, 0.803842969,
2073.135526686, 0.810982228,
2073.155958542, 0.808271856,
2073.176390399, 0.803568314,
2073.258117820, 0.777650162,
2073.278549675, 0.783179763,
2073.298981629, 0.789708859,
2073.319413383, 0.799606276,
2073.339845237, 0.811211295,
2073.360277190, 0.818492485,
2073.380708943, 0.829535426,
2073.401140796, 0.836881254,
2073.421572648, 0.840537573,
2073.442004500, 0.847991010,
2073.462436452, 0.855436132,
2073.482868204, 0.865862612,
2073.503300055, 0.866332922,
2073.523732006, 0.894266127,
2073.564595606, 0.901405668,
2073.585027556, 0.901692198,
2073.605459406, 0.892881702,
2073.625891155, 0.891415556,
2073.666754953, 0.894559761,
2073.748482245, 0.909642069,
2073.768914192, 0.911074413,
2073.789346039, 0.917207383,
2073.809777786, 0.918866670,
2073.830209732, 0.920109074,
2073.850641578, 0.920761850,
2073.871073523, 0.922340247,
2073.891505269, 0.926619015,
2073.911937114, 0.931522176,
2073.932369059, 0.939173650,
2073.993664591, 0.939544418,
2074.014096335, 0.940378148,
2074.034528178, 0.943505881,
2074.054960121, 0.945529917,
2074.075391963, 0.950915899,
2074.095823706, 0.953679440,
2074.116255648, 0.957250826,
2074.136687389, 0.956499112,
2074.157119231, 0.963285732,
2074.238846694, 0.965104072,
2074.259278433, 0.963836029,
2074.279710273, 0.966280598,
2074.300142212, 0.966902899,
2074.320573951, 0.973467046,
2074.341005890, 0.971763722,
2074.361437728, 0.973269703,
2074.381869467, 0.974577574,
2074.402301404, 0.974596655,
2074.422733242, 0.973524302,
2074.443165079, 0.975144111,
2074.463596916, 0.977199133,
2074.484028753, 0.975045205,
2074.504460589, 0.973975986,
2074.524892425, 0.979500421,
2074.545324261, 0.982754286,
2074.565756096, 0.979441702,
2074.586188031, 0.979436021,
2074.606619766, 0.988130158,
2074.627051600, 1.002467058,
2074.647483534, 1.005164479,
2074.708779035, 0.980381289,
2074.729210768, 0.981799759,
2074.749642701, 0.982580505,
2074.770074533, 0.982080792,
2074.790506266, 0.981761328,
2074.810938197, 0.980255506,
2074.831370029, 0.979247852,
2074.851801760, 0.982576035,
2074.872233691, 0.981851513,
2074.892665422, 0.986804030,
2074.953960912, 0.981641869,
2074.974392742, 0.985252250,
2075.015256499, 0.981158981,
2075.035688228, 0.982731593,
2075.056120156, 0.981844650,
2075.076551984, 0.984015883,
2075.096983712, 0.982637724,
2075.117415640, 0.981663072,
2075.137847467, 0.986141989,
2075.158279393, 0.981707561,
2075.178711120, 0.983997841,
2075.199142946, 0.988240681,
2075.219574872, 0.983556337,
2075.260438423, 1.007540133,
2075.280870348, 1.008926075,
2075.321733897, 0.988496291,
2075.342165822, 0.979852901,
2075.383029369, 0.976655469,
2075.464756761, 0.974931478,
2075.485188583, 0.976097749,
2075.505620305, 0.972952412,
2075.526052226, 0.971744794,
2075.546484048, 0.968365450,
2075.566915868, 0.969051023,
2075.587347689, 0.962272183,
2075.607779510, 0.961070483,
2075.628211330, 0.959523985,
2075.709938607, 0.964216759,
2075.730370326, 0.945134599,
2075.750802244, 0.923981748,
2075.771234063, 0.904757143,
2075.791665780, 0.895005007,
2075.812097698, 0.884910501,
2075.832529515, 0.871771188,
2075.852961332, 0.866908270,
2075.873393149, 0.855855971,
2075.893824965, 0.847110326,
2075.955120413, 0.848971037,
2075.975552328, 0.833266337,
2075.995984143, 0.822000745,
2076.016415857, 0.819289019,
2076.036847772, 0.820134494,
2076.057279586, 0.821758823,
2076.077711300, 0.825178276,
2076.098143213, 0.830315831,
2076.118575027, 0.839153293,
2076.139006740, 0.842691323,
2076.159438652, 0.848861021,
2076.179870464, 0.854058043,
2076.200302177, 0.862598492,
2076.220734088, 0.868071683,
2076.241165900, 0.871987788,
2076.261597711, 0.882442027,
2076.282029522, 0.887807647,
2076.302461333, 0.896118305,
2076.322893143, 0.914191795,
2076.343324954, 0.928110884,
2076.363756763, 0.919812080,
2076.425052191, 0.923146462,
2076.445484000, 0.927797051,
2076.465915808, 0.930785620,
2076.486347617, 0.934434222,
2076.506779524, 0.937525335,
2076.527211232, 0.942371951,
2076.547643039, 0.947385942,
2076.568074946, 0.950561005,
2076.588506653, 0.962572822,
2076.670233877, 0.961601242,
2076.690665783, 0.960967409,
2076.711097488, 0.964453412,
2076.731529293, 0.966992419,
2076.751961197, 0.966931061,
2076.772392901, 0.968357347,
2076.792824805, 0.967137679,
2076.813256609, 0.967189955,
2076.833688412, 0.968073947,
2076.854120215, 0.970632534,
2076.915415723, 0.971864159,
2076.935847425, 0.971970536,
2076.956279227, 0.970973375,
2076.976711128, 0.971987085,
2076.997142830, 0.971535179,
2077.017574631, 0.973825002,
2077.038006431, 0.973231792,
2077.058438232, 0.972756551,
2077.078870032, 0.970658239,
2077.099301831, 0.969741034,
2077.119733631, 0.970896204,
2077.140165330, 0.975923463,
2077.160597229, 0.975484673,
2077.181029028, 0.983829212,
2077.221892625, 0.991338928,
2077.242324422, 0.974837802,
2077.262756320, 0.970342177,
2077.283188018, 0.967940739,
2077.303619814, 0.970280861,
2077.324051711, 0.969320436,
2077.344483508, 0.968669044,
2077.426210591, 0.974495963,
2077.446642486, 0.974027108,
2077.467074281, 0.973716500,
2077.487505976, 0.974836790,
2077.507937870, 0.978613417,
2077.528369664, 0.998662744,
2077.548801358, 0.999620006,
2077.569233252, 0.984645784,
2077.589665045, 0.974700150,
2077.671392315, 0.979689268,
2077.691824007, 0.979030690,
2077.712255799, 0.977459281,
2077.732687690, 0.981080993,
2077.753119381, 0.979786455,
2077.773551172, 0.976782906,
2077.793982963, 0.976960963,
2077.814414853, 0.981096069,
2077.834846543, 0.978333760,
2077.937005489, 0.976773902,
2077.957437377, 0.974649475,
2077.977869166, 0.977010872,
2077.998300853, 0.977056624,
2078.018732741, 0.974786964,
2078.039164529, 0.975491729,
2078.059596216, 0.973248872,
2078.080028102, 0.973734440,
2078.100459889, 0.971455338,
2078.161755247, 0.969588057,
2078.182187033, 0.991702140,
2078.202618818, 0.987141874,
2078.223050603, 0.973843417,
2078.243482388, 0.972511552,
2078.263914172, 0.970925429,
2078.325209624, 0.968612428,
2078.366073190, 0.955581368,
2078.406936656, 0.954516685,
2078.427368538, 0.946762527,
2078.447800320, 0.951257429,
2078.468232002, 0.965209036,
2078.529527346, 0.911488800,
2078.549959226, 0.898634383,
2078.652118026, 0.877387055,
2078.672549905, 0.879440337,
2078.692981684, 0.875248484,
2078.713413363, 0.878814347,
2078.754277020, 0.904810264,
2078.774708798, 0.896716497,
2078.795140575, 0.895397830,
2078.897299559, 0.901107679,
2078.917731235, 0.912263762,
2078.938163011, 0.908325486,
2078.958594887, 0.912396069,
2078.999458337, 0.918845796,
2079.040321887, 0.928833748,
2079.060753661, 0.939361401,
2079.142480855, 0.980976632,
2079.162912628, 0.978573314,
2079.183344401, 0.979212045,
2079.203776174, 0.982464400,
2079.224207946, 0.967454794,
2079.244639718, 0.955552408,
2079.265071490, 0.959238052,
2079.285503161, 0.959309371,
2079.305935032, 0.960544764,
2079.326366803, 0.960966139,
2079.346798474, 0.960423200,
2079.367230344, 0.962699490,
2079.387662114, 0.963146388,
2079.408093784, 0.967428933,
2079.428525654, 0.967559829,
2079.448957424, 0.969475805,
2079.469389093, 0.966460784,
2079.489820962, 0.964284348,
2079.530684499, 0.966560900,
2079.551116267, 0.974780789,
2079.591979902, 0.989432283,
2079.612411570, 0.994468021,
2079.632843337, 0.984274855,
2079.653275204, 0.970392812,
2079.673706971, 0.971141219,
2079.694138637, 0.971854855,
2079.714570503, 0.974290757,
2079.735002269, 0.971970146,
2079.755433935, 0.982725363,
2079.775865800, 0.980865736,
2079.796297565, 0.970020199,
2079.878024523, 0.971420293,
2079.898456387, 0.972195853,
2079.918888151, 0.980165409,
2079.939319814, 0.971405163,
2079.959751678, 0.984207397,
2079.980183440, 0.999588963,
2080.000615203, 0.992585901,
2080.021046965, 0.977138013,
2080.041478728, 0.970289081,
2080.123205774, 0.977436502,
2080.143637535, 0.978263354,
2080.164069296, 0.979940649,
2080.184501156, 0.978480543,
2080.204932816, 0.975779356,
2080.225364576, 0.976739863,
2080.245796436, 0.975838211,
2080.266228095, 0.976750252,
2080.286659854, 0.975716498,
2080.307091713, 0.977795349,
2080.368386989, 1.024605414,
2080.388818647, 1.016648375,
2080.409250505, 1.015588395,
2080.429682262, 1.000950885,
2080.450113920, 0.994579632,
2080.470545776, 0.980169784,
2080.490977533, 0.977788036,
2080.511409290, 0.977102923,
2080.531841046, 0.978296195,
2080.552272802, 0.978961576,
2080.572704558, 0.977400748,
2080.593136314, 0.977631035,
2080.613568069, 0.981437510,
2080.633999824, 0.977895666,
2080.654431679, 0.977623923,
2080.674863334, 0.975338922,
2080.695295088, 0.975770946,
2080.715726842, 0.971545546,
2080.736158596, 0.970547354,
2080.756590250, 0.976334947,
2080.777022103, 0.970416241,
2080.858749114, 0.969451155,
2080.879180966, 0.958295392,
2080.899612618, 0.956394458,
2080.920044370, 0.950715556,
2080.940476221, 0.946253514,
2080.960907873, 0.937838851,
2080.981339624, 0.934603240,
2081.001771474, 0.927268121,
2081.022203225, 0.920452094,
2081.042634875, 0.911831296,
2081.063066725, 0.904320162,
2081.083498475, 0.897104589,
2081.103930125, 0.891355773,
2081.124361974, 0.885043832,
2081.144793723, 0.878504946,
2081.165225372, 0.880031474,
2081.185657221, 0.873386777,
2081.206088969, 0.876678723,
2081.226520817, 0.888294514,
2081.246952465, 0.888491324,
2081.267384213, 0.884417354,
2081.349111301, 0.876879515,
2081.369542948, 0.881932676,
2081.389974694, 0.886092926,
2081.410406440, 0.890012934,
2081.430838186, 0.898567244,
2081.451269931, 0.900765514,
2081.471701676, 0.907253277,
2081.492133422, 0.910140874,
2081.512565167, 0.917775673,
2081.532996911, 0.926241271,
2081.553428655, 0.945476867,
2081.594292244, 0.949748892,
2081.635155731, 0.938157195,
2081.655587474, 0.939968331,
2081.676019117, 0.947225251,
2081.696450960, 0.947609281,
2081.716882703, 0.952404747,
2081.737314345, 0.960991234,
2081.757746187, 0.970358836,
2081.778177929, 0.962844283,
2081.839473153, 0.960251318,
2081.859904894, 0.964385098,
2081.880336635, 0.965664802,
2081.900768375, 0.965525965,
2081.921200115, 0.965398601,
2081.941631855, 0.965945592,
2081.982495335, 0.969167095,
2082.002927074, 0.967818770,
2082.023358813, 0.968101540,
2082.043790652, 0.969498750,
2082.064222391, 0.966555164,
2082.084654029, 0.967626918,
2082.105085867, 0.964486133,
2082.125517505, 0.964770722,
2082.145949243, 0.966714811,
2082.166381080, 0.973569047,
2082.186812718, 0.968161131,
2082.207244455, 0.970110924,
2082.227676292, 0.988515101,
2082.248107928, 0.991180733,
2082.329834872, 0.975514079,
2082.350266708, 0.968516004,
2082.370698343, 0.967038954,
2082.391130078, 0.973189414,
2082.411561913, 0.976012002,
2082.431993647, 0.974998755,
2082.452425382, 0.975067038,
2082.472857116, 0.976357567,
2082.493288850, 0.977382447,
2082.513720684, 0.976615261,
2082.534152317, 0.976501942,
2082.554584050, 0.976100850,
2082.575015883, 0.976363859,
2082.595447516, 0.978206223,
2082.615879249, 0.976459510,
2082.636311081, 0.975739003,
2082.656742713, 0.976752968,
2082.677174445, 0.974354089,
2082.697606277, 0.975565158,
2082.718037908, 0.974758988,
2082.738469640, 0.975356273,
2082.820196662, 0.981689704,
2082.840628292, 0.980928467,
2082.861060122, 0.980759567,
2082.881491852, 0.981787853,
2082.922355311, 0.980451635,
2082.942787040, 0.976418400,
2082.963218668, 0.979790994,
2082.983650497, 0.979698415,
2083.004082225, 0.980033281,
2083.024513854, 0.978238200,
2083.044945682, 0.978333116,
2083.065377409, 0.975771813,
2083.085809037, 0.974626465,
2083.106240864, 0.974462737,
2083.126672591, 0.972258795,
2083.147104218, 0.977787332,
2083.167536045, 0.976391423,
2083.187967771, 0.974779238,
2083.208399597, 0.976701041,
2083.310558125, 0.980357987,
2083.330989950, 0.984592110,
2083.351421675, 0.983988347,
2083.371853299, 0.980513322,
2083.392285123, 0.977217019,
2083.412716847, 0.974684915,
2083.433148471, 0.975977008,
2083.453580295, 0.974356081,
2083.474012018, 0.974875233,
2083.494443641, 0.969987348,
2083.514875465, 0.969665849,
2083.535307187, 0.965881363,
2083.555739010, 0.963779346,
2083.576170632, 0.962788160,
2083.596602354, 0.964183429,
2083.617034076, 0.960913599,
2083.637465798, 0.963289953,
2083.657897419, 0.957425325,
2083.678329241, 0.958349599,
2083.698760962, 0.957321638,
2083.719192583, 0.957334168,
2083.739624403, 0.951355168,
2083.800919564, 0.952179955,
2083.821351284, 0.950325989,
2083.841783003, 0.948301513,
2083.862214723, 0.945423882,
2083.882646442, 0.945133899,
2083.903078161, 0.944717214,
2083.923509979, 0.945394905,
2083.943941598, 0.944755879,
2083.964373416, 0.941966147,
2083.984805134, 0.943321006,
2084.005236752, 0.941097726,
2084.025668570, 0.936066750,
2084.046100288, 0.934686549,
2084.066531905, 0.933011937,
2084.086963722, 0.933969328,
2084.107395439, 0.938237039,
2084.127827056, 0.938517887,
2084.148258872, 0.936631669,
2084.168690588, 0.937814440,
2084.291280881, 0.952060340,
2084.311712596, 0.953430600,
2084.332144311, 0.956250087,
2084.352576025, 0.956410247,
2084.373007739, 0.956804483,
2084.393439453, 0.958569948,
2084.413871167, 0.961981182,
2084.434302981, 0.963562372,
2084.454734594, 0.965792067,
2084.475166307, 0.963801310,
2084.495598120, 0.963978879,
2084.516029733, 0.964028825,
2084.536461445, 0.962682486,
2084.556893258, 0.963266836,
2084.577324870, 0.963271670,
2084.618188394, 0.963962310,
2084.659051717, 0.967256083,
2084.679483528, 0.971875570,
2084.699915139, 0.968643952,
2084.720346949, 0.967255251,
2084.781642080, 0.972327732,
2084.802073790, 0.972089355,
2084.822505500, 0.971206079,
2084.842937209, 0.972909076,
2084.863368919, 0.969814361,
2084.883800628, 0.968047500,
2084.904232437, 0.965988095,
2084.924664045, 0.965042389,
2084.945095754, 0.967865186,
2084.965527562, 0.965774121,
2085.006390878, 0.964909312,
2085.026822686, 0.968939907,
2085.047254294, 0.974466619,
2085.088117808, 0.974716643,
2085.108549415, 0.972276657,
2085.128981222, 0.972865199,
2085.149412828, 0.972127272,
2085.169844535, 0.973706188,
2085.190276341, 0.976143003,
2085.210707947, 0.974514319,
2085.231139652, 0.973617696,
2085.251571458, 0.971880007,
2085.272003163, 0.968972253,
2085.292434769, 0.971046839,
2085.333298278, 0.969978567,
2085.374161687, 0.973261830,
2085.394593391, 0.972709254,
2085.415024995, 0.974470455,
2085.435456799, 0.974508171,
2085.455888503, 0.977705428,
2085.517183612, 0.966179897,
2085.537615415, 0.969296721,
2085.558047018, 0.974433012,
2085.578478720, 0.977474191,
2085.598910522, 0.978919599,
2085.619342125, 0.982214305,
2085.639773826, 0.982212816,
2085.660205628, 0.981964887,
2085.680637230, 0.982262073,
2085.701068931, 0.978974098,
2085.762364034, 0.981201865,
2085.782795834, 0.981075730,
2085.803227534, 0.980948310,
2085.823659235, 0.984251128,
2085.844090935, 0.985879682,
2085.864522534, 0.981966879,
2085.884954334, 0.981096778,
2085.905386033, 0.977350729,
2085.925817633, 0.974751663,
2085.946249431, 0.976449615,
2085.987112729, 0.976738160,
2086.007544527, 0.974723306,
2086.027976226, 0.972804640,
2086.048407824, 0.969688449,
2086.068839622, 0.968201679,
2086.089271319, 0.967497264,
2086.109703017, 0.962367366,
2086.130134714, 0.967788745,
2086.150566411, 0.966978307,
2086.170998108, 0.964698453,
2086.191429805, 0.964804773,
2086.252724994, 0.968486936,
2086.273156590, 0.970347011,
2086.293588386, 0.967320065,
2086.314020081, 0.964436470,
2086.334451677, 0.964191514,
2086.354883472, 0.963119650,
2086.375315167, 0.960905870,
2086.395746762, 0.958193488,
2086.416178557, 0.957867202,
2086.436610251, 0.960428336,
2086.457041846, 0.957422368,
2086.477473640, 0.956417789,
2086.497905334, 0.953460532,
2086.518336927, 0.947888569,
2086.538768721, 0.946550509,
2086.559200314, 0.942350701,
2086.579632108, 0.940893886,
2086.600063801, 0.940366487,
2086.620495493, 0.936591711,
2086.640927186, 0.936841985,
2086.661358879, 0.935549284,
2086.681790571, 0.932583426,
2086.743085647, 0.936282733,
2086.763517339, 0.941515770,
2086.783949030, 0.941540204,
2086.804380721, 0.942698915,
2086.824812512, 0.942910599,
2086.845244103, 0.947112042,
2086.865675794, 0.947117776,
2086.886107584, 0.949989184,
2086.906539175, 0.950802955,
2086.926970965, 0.950797978,
2086.947402655, 0.952542968,
2086.967834245, 0.955256529,
2086.988266034, 0.960168048,
2087.008697724, 0.959612397,
2087.029129313, 0.961369643,
2087.049561102, 0.960561958,
2087.069992791, 0.957984742,
2087.090424480, 0.958737101,
2087.110856168, 0.957935943,
2087.131287856, 0.959928936,
2087.151719545, 0.961653189,
2087.172151233, 0.960770535,
2087.233446295, 0.968277289,
2087.253877983, 0.971264869,
2087.274309770, 0.970150335,
2087.294741357, 0.972143688,
2087.315173044, 0.974456651,
2087.335604830, 0.974220841,
2087.356036417, 0.971954442,
2087.376468103, 0.971922294,
2087.396899889, 0.972526300,
2087.417331475, 0.976350548,
2087.437763161, 0.975673327,
2087.458194946, 0.974445815,
2087.478626532, 0.970780666,
2087.499058217, 0.968635286,
2087.519490002, 0.967639384,
2087.539921587, 0.965550202,
2087.560353272, 0.966240973,
2087.580785056, 0.967027299,
2087.601216640, 0.966169887,
2087.621648425, 0.965928495,
2087.642080109, 0.967772305,
2087.662511792, 0.972176823,
2087.723806843, 0.982387831,
2087.744238626, 0.973350350,
2087.764670209, 0.975419314,
2087.785101892, 0.973238968,
2087.805533674, 0.972034071,
2087.825965257, 0.971981441,
2087.846396939, 0.975582902,
2087.866828721, 0.975421518,
2087.887260303, 0.975008236,
2087.907691985, 0.977623909,
2087.928123766, 0.975974519,
2087.948555348, 0.972633774,
2087.968987029, 0.970094220,
2087.989418710, 0.971751160,
2088.009850391, 0.970521529,
2088.030282172, 0.972922742,
2088.050713753, 0.974318044,
2088.071145433, 0.973619305,
2088.091577213, 0.975294710,
2088.112008893, 0.973730001,
2088.132440473, 0.978301628,
2088.152872253, 0.982717436,
2088.214167291, 0.984050550,
2088.234598970, 0.981818634,
2088.255030549, 0.983191593,
2088.275462328, 0.983675211,
2088.295894007, 0.982389831,
2088.316325585, 0.981833730,
2088.336757363, 0.984486857,
2088.357189041, 0.985129063,
2088.377620819, 0.984542780,
2088.398052397, 0.982769886,
2088.418484075, 0.983101285,
2088.438915852, 0.979833784,
2088.459347429, 0.975863519,
2088.479779107, 0.977429678,
2088.500210884, 0.977109478,
2088.520642460, 0.973919274,
2088.541074137, 0.974479731,
2088.561505914, 0.975660093,
2088.581937590, 0.976140085,
2088.602369166, 0.974650168,
2088.622800942, 0.973260703,
2088.643232618, 0.974097435,
2088.684095969, 0.980069800,
2088.704527644, 0.978857090,
2088.724959319, 0.976595691,
2088.745390994, 0.972445541,
2088.765822569, 0.974221939,
2088.786254344, 0.973259129,
2088.806686018, 0.974936405,
2088.827117593, 0.974505156,
2088.847549367, 0.971229348,
2088.867981041, 0.969149149,
2088.888412615, 0.966832516,
2088.908844388, 0.962658707,
2088.929276062, 0.960286724,
2088.949707735, 0.960042896,
2088.970139409, 0.956780038,
2088.990571082, 0.955642775,
2089.011002755, 0.955601960,
2089.031434427, 0.956790451,
2089.051866100, 0.953848666,
2089.072297873, 0.955043328,
2089.092729545, 0.955331558,
2089.113161117, 0.956391764,
2089.133592889, 0.957172253,
2089.194887904, 0.958300846,
2089.215319575, 0.957637616,
2089.235751147, 0.960885923,
2089.256182918, 0.961403417,
2089.276614589, 0.962703721,
2089.297046159, 0.962747033,
2089.317477930, 0.962011962,
2089.337909600, 0.961526719,
2089.358341170, 0.961590491,
2089.378772941, 0.961346454,
2089.399204511, 0.961650141,
2089.419636280, 0.959388406,
2089.440067950, 0.962799848,
2089.460499520, 0.962744568,
2089.480931289, 0.962495164,
2089.501362958, 0.962935385,
2089.521794627, 0.965413496,
2089.542226296, 0.964384248,
2089.562657965, 0.963981528,
2089.583089633, 0.964025615,
2089.603521302, 0.964559213,
2089.623952970, 0.964822862,
2089.705679642, 0.962709836,
2089.726111409, 0.966950988,
2089.746542977, 0.970292742,
2089.766974744, 0.971760379,
2089.787406411, 0.972199311,
2089.807837978, 0.972205285,
2089.828269745, 0.974217795,
2089.848701411, 0.974008390,
2089.869132978, 0.974712756,
2089.889564744, 0.973856469,
2089.909996410, 0.977943839,
2089.930428076, 0.974324267,
2089.950859742, 0.973692830,
2089.971291408, 0.974621232,
2089.991723073, 0.973134340,
2090.012154739, 0.975094547,
2090.032586404, 0.975077197,
2090.053018069, 0.975338034,
2090.073449734, 0.978575054,
2090.093881399, 0.979272344,
2090.114313164, 0.976892245,
2090.134744728, 0.974936816,
2090.155176393, 0.975696686,
2090.175608157, 0.973817612,
2090.196039721, 0.973312681,
2090.216471385, 0.971908757,
2090.236903149, 0.972448990,
2090.257334713, 0.970965270,
2090.277766376, 0.971443933,
2090.298198139, 0.968080960,
2090.318629703, 0.971154914,
2090.339061366, 0.970948245,
2090.359493129, 0.972061139,
2090.420788117, 0.966455347,
2090.441219679, 0.970501027,
2090.461651441, 0.971756054,
2090.482083103, 0.974330330,
2090.502514765, 0.976657904,
2090.522946427, 0.975853389,
2090.543378089, 0.979658221,
2090.563809750, 0.979395765,
2090.584241412, 0.979185857,
2090.604673073, 0.980483744,
2090.625104734, 0.980142054,
2090.645536495, 0.979578705,
2090.665968056, 0.982789536,
2090.686399717, 0.980632921,
2090.706831477, 0.981453327,
2090.727263037, 0.980691177,
2090.747694698, 0.979286708,
2090.768126458, 0.981078226,
2090.788558018, 0.984497873,
2090.808989778, 0.983417700,
2090.829421437, 0.981069979,
2090.849852997, 0.982049218,
2090.870284756, 0.982051961,
2090.890716315, 0.980985090,
2090.911147975, 0.980949989,
2090.931579734, 0.982114733,
2090.952011292, 0.979267738,
2090.972442951, 0.978717491,
2090.992874710, 0.978928103,
2091.013306368, 0.976802883,
2091.033737927, 0.977235502,
2091.054169685, 0.977249806,
2091.074601343, 0.978672568,
2091.156328073, 0.980036068,
2091.176759631, 0.977445665,
2091.197191288, 0.971168047,
2091.217623045, 0.970517642,
2091.238054602, 0.967563126,
2091.258486259, 0.968024328,
2091.278918016, 0.965011035,
2091.299349572, 0.970186636,
2091.319781228, 0.966929109,
2091.340212985, 0.965402591,
2091.360644541, 0.963637285,
2091.381076197, 0.960343886,
2091.401507953, 0.961753781,
2091.421939508, 0.963309177,
2091.442371264, 0.958997910,
2091.462802919, 0.957753577,
2091.483234575, 0.953721700,
2091.503666230, 0.949158268,
2091.524097885, 0.947075038,
2091.544529540, 0.943889370,
2091.564961195, 0.939428753,
2091.585392850, 0.936617989,
2091.646687813, 0.919395037,
2091.667119367, 0.912954913,
2091.687551121, 0.905244414,
2091.707982775, 0.896791768,
2091.728414329, 0.884443310,
2091.748846082, 0.871629314,
2091.769277736, 0.866917471,
2091.789709489, 0.855063927,
2091.810141042, 0.850608339,
2091.830572696, 0.847988342,
2091.891867654, 0.837669169,
2091.912299407, 0.840860013,
2091.932730959, 0.843589528,
2091.953162612, 0.844341552,
2091.973594364, 0.845328771,
2091.994026016, 0.848148285,
2092.014457568, 0.850291791,
2092.034889320, 0.853801847,
2092.055320971, 0.860056467,
2092.075752523, 0.863309504,
2092.096184274, 0.867344618,
2092.116615926, 0.872271696,
2092.137047677, 0.878297030,
2092.157479228, 0.885354594,
2092.177910879, 0.891083914,
2092.198342630, 0.897669427,
2092.218774180, 0.902214863,
2092.239205831, 0.909588320,
2092.259637482, 0.914168625,
2092.280069132, 0.920515321,
2092.300500682, 0.926080045,
2092.320932432, 0.931564104,
2092.341364082, 0.935720254,
2092.361795732, 0.939464351,
2092.382227382, 0.944457230,
2092.402659031, 0.948004529,
2092.423090781, 0.951657925,
2092.443522330, 0.954984678,
2092.463953979, 0.956624009,
2092.484385728, 0.958579564,
2092.504817378, 0.960076847,
2092.525248926, 0.961207194,
2092.545680675, 0.963915952,
2092.566112324, 0.962242377,
2092.627407269, 0.968199107,
2092.647838817, 0.967055598,
2092.668270565, 0.965537159,
2092.688702213, 0.962461342,
2092.709133761, 0.962538430,
2092.729565508, 0.964703002,
2092.749997156, 0.966852063,
2092.770428903, 0.967672248,
2092.790860451, 0.966500277,
2092.811292098, 0.966273587,
2092.831723845, 0.967054756,
2092.852155392, 0.968023908,
2092.872587039, 0.968499083,
2092.893018785, 0.969305548,
2092.913450332, 0.974765273,
2092.933881978, 0.969625119,
2092.954313725, 0.968851983,
2092.974745371, 0.969817531,
2092.995176917, 0.970477068,
2093.015608663, 0.971173326,
2093.036040209, 0.970248773,
2093.056471855, 0.970766221,
2093.076903600, 0.969929321,
2093.097335146, 0.970000688,
2093.117766891, 0.970756852,
2093.138198537, 0.970208151,
2093.158630082, 0.973432451,
2093.179061827, 0.974219970,
2093.199493472, 0.974498903,
2093.219925017, 0.975018657,
2093.240356761, 0.976968554,
2093.260788406, 0.980695550,
2093.281219951, 0.982613752,
2093.301651695, 0.985219838,
2093.322083339, 0.986524370,
2093.342514983, 0.985346778,
2093.362946628, 0.984592949,
2093.383378271, 0.990441006,
2093.403810015, 0.995664841,
2093.424241559, 1.006313223,
2093.444673203, 1.001801578,
2093.465104946, 0.991660059,
2093.485536589, 0.986249318,
2093.505968133, 0.986357539,
2093.526399876, 0.991261413,
2093.546831519, 1.002908604,
2093.608126447, 0.946473612,
2093.628557990, 0.958785083,
2093.648989732, 0.971326787,
2093.669421375, 0.976969875,
2093.689852917, 0.989149250,
2093.710284659, 0.988282184,
2093.730716301, 0.981369032,
2093.751147943, 0.982565619,
2093.771579585, 0.979997734,
2093.792011127, 0.980038157,
2093.812442869, 0.978135815,
2093.832874510, 0.978405039,
2093.853306151, 0.980530946,
2093.873737793, 0.984044593,
2093.894169434, 0.985615595,
2093.914601075, 0.981673576,
2093.935032716, 0.978633643,
2093.955464357, 0.976917465,
2093.975895997, 0.975007473,
2093.996327638, 0.974016165,
2094.016759279, 0.971847223,
2094.037191019, 0.970594913,
2094.057622659, 0.967371762,
2094.078054200, 0.965479670,
2094.098485940, 0.960787837,
2094.118917580, 0.956638698,
2094.139349120, 0.955415527,
2094.159780860, 0.952801474,
2094.180212499, 0.950553789,
2094.200644039, 0.950073365,
2094.221075778, 0.946611158,
2094.241507418, 0.951397723,
2094.261938957, 0.951039808,
2094.282370696, 0.949370731,
2094.302802335, 0.951416723,
2094.323234074, 0.952788766,
2094.343665613, 0.951278145,
2094.364097252, 0.949014271,
2094.384528891, 0.944565058,
2094.404960529, 0.945262643,
2094.425392168, 0.943944448,
2094.445823806, 0.947805625,
2094.466255445, 0.952421534,
2094.486687083, 0.956771774,
2094.507118721, 0.951434139,
2094.527550359, 0.942686295,
2094.588845272, 0.924926189,
2094.609276910, 0.924696201,
2094.629708647, 0.920315125,
2094.650140184, 0.926279750,
2094.670571922, 0.930015177,
2094.691003559, 0.934278065,
2094.711435096, 0.933630236,
2094.731866833, 0.932921489,
2094.752298470, 0.933204053,
2094.772730007, 0.934641694,
2094.793161743, 0.939519529,
2094.813593380, 0.938922559,
2094.834024916, 0.940655710,
2094.854456653, 0.943505001,
2094.874888289, 0.953900144,
2094.895319925, 0.946873337,
2094.915751561, 0.947729151,
2094.936183197, 0.950831318,
2094.956614933, 0.957574472,
2094.977046469, 0.962932843,
2094.997478105, 0.962585178,
2095.017909840, 0.963860700,
2095.038341476, 0.963026119,
2095.058773011, 0.973831836,
2095.079204747, 0.982608483,
2095.099636382, 0.990652551,
2095.120067917, 0.991053490,
2095.140499652, 0.985693929,
2095.160931187, 0.978872926,
2095.181362822, 0.975414804,
2095.201794557, 0.979839218,
2095.222226091, 0.978294503,
2095.242657826, 0.987113195,
2095.263089460, 0.998388204,
2095.324384363, 0.996918981,
2095.344815898, 0.984518548,
2095.365247632, 0.980565560,
2095.385679265, 0.986138145,
2095.406110899, 0.991055473,
2095.426542533, 1.005385126,
2095.446974167, 1.017545833,
2095.487837434, 0.986094787,
2095.508269067, 1.016626346,
2095.569563967, 1.055727566,
2095.589995700, 1.081335947,
2095.610427333, 1.094130245,
2095.630858866, 1.099539481,
2095.651290599, 1.231678978,
2095.671722231, 1.071693742,
2095.692153764, 1.481024112,
2095.712585496, 2.750296020,
2095.733017129, 2.266683447,
2095.753448661, 3.662960084,
2095.773880393, 3.963710596,
2095.794312025, 5.494585396,
2095.814743558, 4.809874474,
2095.835175290, 5.356530698,
2095.855606921, 4.702976329,
2095.876038553, 3.370703224,
2095.896470185, 2.600152433,
2095.937333448, 1.800092143,
2095.998628342, 1.217531114,
2096.100786498, 21.519213694,
2096.141649759, 301.371332260,
2096.448124410, 0.925759047,
2096.468555939, 0.963691332,
2096.488987569, 1.010625725,
2096.550282456, 0.975542801,
2096.570714185, 0.966694371,
2096.591145714, 0.965254904,
2096.611577343, 0.962427279,
2096.632009072, 0.962299174,
2096.652440601, 0.961511834,
2096.672872229, 0.954411092,
2096.693303958, 0.952186538,
2096.713735486, 0.946791342,
2096.734167215, 0.942435980,
2096.754598843, 0.939707306,
2096.775030371, 0.938348367,
2096.795462099, 0.936870180,
2096.815893727, 0.935407697,
2096.836325255, 0.935806921,
2096.856756983, 0.935383450,
2096.877188611, 0.934543105,
2096.897620239, 0.934787091,
2096.918051867, 0.939496327,
2096.938483494, 0.940801902,
2096.958915122, 0.940450172,
2096.979346749, 0.941804590,
2096.999778377, 0.941539865,
2097.020210104, 0.943177538,
2097.040641731, 0.940735013,
2097.061073258, 0.941386475,
2097.081504986, 0.932673160,
2097.101936613, 0.940682022,
2097.122368140, 0.939455452,
2097.142799867, 0.943952057,
2097.163231493, 0.951981359,
2097.183663020, 0.956800332,
2097.204094747, 0.952425209,
2097.224526373, 0.945013767,
2097.244957900, 0.933985477,
2097.265389626, 0.937286037,
2097.285821153, 0.944246143,
2097.306252779, 0.956632577,
2097.326684505, 0.961311025,
2097.347116032, 0.963994410,
2097.367547758, 0.963484358,
2097.387979384, 0.951499441,
2097.408411010, 0.916862200,
2097.428842636, 0.948675440,
2097.449274261, 0.967714173,
2097.469705887, 0.987741760,
2097.551432490, 0.953241588,
2097.571864015, 0.956207192,
2097.592295640, 0.954267659,
2097.612727366, 0.957021486,
2097.633158891, 0.957448000,
2097.653590616, 0.960754999,
2097.674022241, 0.959754253,
2097.694453766, 0.962171244,
2097.714885491, 0.965790490,
2097.735317116, 0.967442359,
2097.755748641, 0.969918411,
2097.776180365, 0.971617818,
2097.796611990, 0.973547043,
2097.817043515, 0.974080170,
2097.837475239, 0.976574389,
2097.857906864, 0.975956304,
2097.878338488, 0.975381190,
2097.898770113, 0.975269677,
2097.919201737, 0.978632978,
2097.939633361, 0.979868185,
2097.960064985, 0.981315323,
2097.980496609, 0.981546943,
2098.000928234, 0.985098651,
2098.021359858, 0.988140262,
2098.041791481, 0.991780345,
2098.062223105, 0.998348965,
2098.082654729, 0.997835112,
2098.103086353, 0.995256339,
2098.123518077, 0.992610214,
2098.143949600, 0.984182919,
2098.164381224, 0.983662174,
2098.184812947, 0.978407414,
2098.205244471, 0.980767080,
2098.266539340, 0.971317004,
2098.286971064, 0.972837153,
2098.307402687, 0.978736850,
2098.327834210, 0.977951138,
2098.348265933, 0.978987403,
2098.368697556, 0.976789194,
2098.389129179, 0.974937097,
2098.409560802, 0.974644400,
2098.429992424, 0.975581960,
2098.450424047, 0.977622780,
2098.470855670, 0.976273633,
2098.491287292, 0.980288612,
2098.511719015, 0.978452708,
2098.532150537, 0.978109855,
2098.552582160, 0.979556641,
2098.573013882, 0.980386449,
2098.593445504, 0.980940143,
2098.613877027, 0.980366366,
2098.634308749, 0.982214593,
2098.654740271, 0.981056868,
2098.675171893, 0.980680436,
2098.695603615, 0.982322387,
2098.716035137, 0.982425456,
2098.736466759, 0.983413991,
2098.756898481, 0.983279661,
2098.777330003, 0.987440768,
2098.797761724, 0.989138444,
2098.818193346, 0.990127263,
2098.838624868, 0.992614032,
2098.859056589, 0.990625440,
2098.879488211, 0.989302783,
2098.899919732, 0.987410718,
2098.920351454, 0.986594665,
2098.940783075, 0.985451093,
2098.961214696, 0.986422768,
2098.981646318, 0.987061884,
2099.002077939, 0.990727857,
2099.022509560, 0.991591268,
2099.042941281, 0.991848010,
2099.063372802, 0.997129516,
2099.083804523, 1.005668326,
2099.104236144, 1.005379677,
2099.124667665, 0.995600722,
2099.145099386, 0.986842748,
2099.165531007, 0.984739442,
2099.185962527, 0.979614900,
2099.206394248, 0.974200694,
2099.226825869, 0.971303144,
2099.247257389, 0.969919151,
2099.267689110, 0.967884710,
2099.288120730, 0.967207397,
2099.308552251, 0.971485908,
2099.328983971, 0.968451196,
2099.349415592, 0.971310415,
2099.369847212, 0.971742274,
2099.390278832, 0.965390950,
2099.410710452, 0.964302807,
2099.431142073, 0.958943594,
2099.492436933, 0.936408305,
2099.512868553, 0.932625939,
2099.533300173, 0.931837400,
2099.553731793, 0.929942308,
2099.574163412, 0.930597993,
2099.594595132, 0.937587654,
2099.615026752, 0.934781857,
2099.635458272, 0.933585104,
2099.655889991, 0.933871019,
2099.676321611, 0.932309337,
2099.696753130, 0.929630590,
2099.717184850, 0.922912898,
2099.737616469, 0.920550184,
2099.758047989, 0.919406542,
2099.778479708, 0.919306400,
2099.798911328, 0.921431844,
2099.819342847, 0.935499147,
2099.839774566, 0.945509491,
2099.860206185, 0.955349645,
2099.880637904, 0.951692534,
2099.901069424, 0.953728894,
2099.921501043, 0.956133367,
2099.982795900, 0.930985245,
2100.003227619, 0.930696234,
2100.023659137, 0.931163001,
2100.044090756, 0.937828370,
2100.064522375, 0.941730056,
2100.084953994, 0.943562064,
2100.105385613, 0.947392918,
2100.125817331, 0.946475887,
2100.146248850, 0.950312739,
2100.166680568, 0.949516480,
2100.187112187, 0.951242552,
2100.207543705, 0.953287366,
2100.227975424, 0.954719630,
2100.248407042, 0.957070898,
2100.268838561, 0.958080866,
2100.289270279, 0.956416335,
2100.309701897, 0.956664710,
2100.330133416, 0.960854569,
2100.350565134, 0.960231045,
2100.370996752, 0.962575683,
2100.391428270, 0.964657173,
2100.411859988, 0.974229087,
2100.432291606, 0.967863639,
2100.452723325, 0.967159256,
2100.473154843, 0.967759341,
2100.493586461, 0.968653290,
2100.514018178, 0.970626924,
2100.534449696, 0.971337186,
2100.554881314, 0.971500858,
2100.575313032, 0.971148974,
2100.595744650, 0.971088545,
2100.616176168, 0.970677067,
2100.636607885, 0.974075254,
2100.657039503, 0.973498485,
2100.677471021, 0.973271349,
2100.697902738, 0.972544308,
2100.718334356, 0.980708765,
2100.738766074, 0.974981261,
2100.759197591, 0.974046928,
2100.779629209, 0.973767161,
2100.800060826, 0.973738885,
2100.820492443, 0.974603410,
2100.840923961, 0.973995628,
2100.861355678, 0.976964730,
2100.881787296, 0.982469367,
2100.902218813, 0.983603952,
2100.922650530, 0.988322301,
2100.943082147, 0.988720750,
2100.963513765, 0.987274830,
2100.983945382, 0.986225316,
2101.004376999, 0.993935672,
2101.024808716, 0.992956950,
2101.045240233, 0.993745003,
2101.065671850, 0.996146295,
2101.086103567, 0.998522504,
2101.106535184, 1.004292762,
2101.126966701, 1.009204340,
2101.147398418, 1.011914293,
2101.167830035, 1.013134299,
2101.188261552, 1.009362143,
2101.208693269, 1.006541006,
2101.229124886, 1.007735208,
2101.249556602, 1.005727892,
2101.269988119, 1.005345396,
2101.290419736, 1.011264521,
2101.310851453, 1.014491228,
2101.331282969, 1.005568645,
2101.351714586, 0.996624698,
2101.372146303, 0.994668993,
2101.392577819, 0.996300284,
2101.453872669, 0.997285664,
2101.474304285, 0.997065347,
2101.494735902, 0.994894484,
2101.515167518, 0.996499871,
2101.535599235, 0.995136282,
2101.556030751, 0.997759476,
2101.576462367, 0.996005698,
2101.596894084, 0.998868478,
2101.617325600, 1.002501468,
2101.637757216, 1.004392053,
2101.658188933, 1.008008616,
2101.678620549, 1.006930306,
2101.699052065, 1.013763742,
2101.719483781, 1.012904700,
2101.739915398, 1.012664745,
2101.760346914, 1.005070544,
2101.780778630, 1.008081813,
2101.801210246, 1.003848802,
2101.821641962, 1.001876215,
2101.842073478, 1.000157338,
2101.862505094, 1.003427428,
2101.882936810, 0.998612868,
2101.903368326, 1.004102908,
2101.923799942, 0.995602627,
2101.944231658, 1.000100497,
2101.964663174, 0.996852016,
2101.985094790, 0.993377808,
2102.005526506, 0.992690493,
2102.025958022, 0.992598548,
2102.046389738, 0.990743062,
2102.066821354, 0.988905768,
2102.087252970, 0.985693815,
2102.107684585, 0.985514330,
2102.128116201, 0.983852818,
2102.148547817, 0.988512549,
2102.168979433, 0.984375447,
2102.189411049, 0.977376349,
2102.209842564, 0.980013293,
2102.230274280, 0.982707089,
2102.250705896, 0.978727672,
2102.271137411, 0.978338297,
2102.291569127, 0.974732339,
2102.312000743, 0.976984818,
2102.332432458, 0.976759472,
2102.352863974, 0.981434309,
2102.373295590, 0.991838380,
2102.393727305, 0.976747135,
2102.414158821, 0.978971785,
2102.434590436, 0.976586714,
2102.455022152, 0.967201490,
2102.475453667, 0.964836284,
2102.495885283, 0.969550050,
2102.516316998, 0.967206411,
2102.536748514, 0.964160701,
2102.557180129, 0.959263351,
2102.577611845, 0.959588437,
2102.598043460, 0.958620400,
2102.618475076, 0.958320716,
2102.638906691, 0.957557771,
2102.659338306, 0.958279545,
2102.679769922, 0.959648492,
2102.700201537, 0.959278519,
2102.720633153, 0.958267493,
2102.741064868, 0.953727052,
2102.761496383, 0.952863079,
2102.781927999, 0.952104363,
2102.802359614, 0.954297766,
2102.822791229, 0.954301761,
2102.843222945, 0.954567278,
2102.863654560, 0.954529842,
2102.884086075, 0.953657854,
2102.904517790, 0.952675127,
2102.924949306, 0.954194972,
2102.945380921, 0.953951885,
2102.965812636, 0.954801162,
2102.986244151, 0.956150122,
2103.006675767, 0.958424811,
2103.027107482, 0.957358680,
2103.047538997, 0.957722401,
2103.067970612, 0.958091714,
2103.088402327, 0.960107935,
2103.108833943, 0.962152553,
2103.129265558, 0.959683363,
2103.149697173, 0.964963873,
2103.170128788, 0.967965459,
2103.190560403, 0.968563509,
2103.210992018, 0.970654066,
2103.231423634, 0.972009964,
2103.251855249, 0.969572483,
2103.272286864, 0.968183608,
2103.292718479, 0.970055218,
2103.313150194, 0.970093086,
2103.333581709, 0.980016144,
2103.354013324, 0.975744580,
2103.415308270, 0.984710161,
2103.435739885, 0.985885455,
2103.456171400, 0.985959491,
2103.476603115, 0.986492914,
2104.089551567, 0.999992648,
2104.109983282, 0.995789100,
2104.130414897, 0.994194230,
2104.150846612, 0.992815393,
2104.171278128, 0.991658438,
2104.191709743, 0.989462618,
2104.212141358, 0.987554427,
2104.232572973, 0.996132604,
2104.253004588, 0.998452677,
2104.273436203, 0.993652996,
2104.293867818, 0.992849516,
2104.314299433, 0.990397680,
2104.334731149, 0.991188277,
2104.375594279, 0.998202824,
2104.396025994, 0.994509780,
2104.416457509, 0.989954283,
2104.436889224, 0.987963098,
2104.457320840, 0.983417397,
2104.477752355, 0.981059153,
2104.498184070, 0.991961190,
2104.518615685, 0.985720224,
2104.539047200, 0.981248293,
2104.559478916, 0.979907165,
2104.579910531, 0.980044844,
2104.620773761, 0.982887010,
2104.641205377, 0.974352158,
2104.661637092, 0.968820131,
2104.682068607, 0.971589149,
2104.702500223, 0.976130123,
2104.722931938, 0.969219802,
2104.743363453, 0.969243114,
2104.763795069, 0.966159876,
2104.784226784, 0.961615158,
2104.804658399, 0.960302044,
2104.825089915, 0.962087761,
2104.865953245, 0.966355073,
2104.886384861, 0.960120814,
2104.906816476, 0.960906774,
2104.927248092, 0.965107514,
2104.947679707, 0.958134969,
2104.968111322, 0.958718721,
2104.988542838, 0.951819386,
2105.008974553, 0.945413151,
2105.029406169, 0.943314843,
2105.049837684, 0.942708446,
2105.070269400, 0.946472921,
2105.111132531, 0.952957968,
2105.131564247, 0.945787472,
2105.151995862, 0.931234923,
2105.172427578, 0.926536275,
2105.192859093, 0.927582460,
2105.213290709, 0.924790050,
2105.233722425, 0.920799465,
2105.254153940, 0.915835245,
2105.274585556, 0.912130121,
2105.295017272, 0.911351866,
2105.315448887, 0.915496310,
2105.376743734, 0.933992803,
2105.397175350, 0.929663233,
2105.417606966, 0.926225135,
2105.438038582, 0.931355412,
2105.458470298, 0.929377447,
2105.478901814, 0.913293381,
2105.499333429, 0.901000456,
2105.519765145, 0.885284622,
2105.540196661, 0.876149794,
2105.560628277, 0.867745108,
2105.581059993, 0.853230226,
2105.601491509, 0.853786789,
2105.621923225, 0.846809062,
2105.642354841, 0.844060243,
2105.662786357, 0.853253266,
2105.683218073, 0.859580779,
2105.703649589, 0.860324227,
2105.724081205, 0.869801912,
2105.744512921, 0.872602216,
2105.764944437, 0.876830321,
2105.785376054, 0.876706694,
2105.805807770, 0.885925516,
2105.846671002, 0.924887369,
2105.867102618, 0.919143977,
2105.887534235, 0.920538073,
2105.907965851, 0.917394142,
2105.928397467, 0.927184645,
2105.948829084, 0.929427649,
2105.969260800, 0.931785724,
2105.989692316, 0.937165494,
2106.010123933, 0.931517352,
2106.030555649, 0.936053991,
2106.050987166, 0.941582958,
2106.091850499, 0.958826098,
2106.112282015, 0.954526600,
2106.132713732, 0.952710635,
2106.153145348, 0.963581087,
2106.173576865, 0.961946260,
2106.194008582, 0.962338326,
2106.214440198, 0.964298938,
2106.234871715, 0.957125064,
2106.255303432, 0.960501488,
2106.275735049, 0.962976236,
2106.296166665, 0.969284564,
2106.337029899, 0.985591341,
2106.357461516, 0.976684581,
2106.377893133, 0.969124873,
2106.398324750, 0.979826529,
2106.418756367, 0.978475048,
2106.439187984, 0.977264262,
2106.459619601, 0.973970867,
2106.480051218, 0.969126523,
2106.500482835, 0.972049789,
2106.520914452, 0.977234302,
2106.541346169, 0.981269512,
2106.582209403, 0.989191087,
2106.602641021, 0.983136537,
2106.623072538, 0.977794452,
2106.643504255, 0.977111888,
2106.663935872, 0.984211804,
2106.684367390, 0.981133526,
2106.704799107, 0.980604212,
2106.725230725, 0.978359477,
2106.745662242, 0.973884044,
2106.766093959, 0.975224386,
2106.786525577, 0.975584402,
2106.827388812, 0.981487377,
2106.847820430, 0.980306538,
2106.868252147, 0.983886547,
2106.888683665, 0.981444928,
2106.909115283, 0.978473336,
2106.929547001, 0.976168498,
2106.949978518, 0.971937804,
2106.970410136, 0.970218121,
2106.990841854, 0.969809333,
2107.011273472, 0.972596335,
2107.031705090, 0.977571304,
2107.072568226, 0.976206724,
2107.092999944, 0.975187656,
2107.113431562, 0.970384898,
2107.133863080, 0.962895010,
2107.154294798, 0.964666027,
2107.174726416, 0.966900583,
2107.195157935, 0.972821581,
2107.215589653, 0.975750610,
2107.236021271, 0.970441116,
2107.256452990, 0.961207620,
2107.276884508, 0.963510285,
2107.338179363, 0.982953823,
2107.358610982, 0.979236358,
2107.379042701, 0.993264525,
2107.399474219, 1.005893423,
2107.419905838, 1.005097565,
2107.440337557, 0.995941097,
2107.460769175, 0.980261041,
2107.481200794, 0.977043941,
2107.501632413, 0.963266620,
2107.522064032, 0.954857144,
2107.542495651, 0.945511834,
2107.562927270, 0.953296450,
2107.583358889, 0.957040796,
2107.603790608, 0.953508686,
2107.624222127, 0.950791473,
2107.644653746, 0.941534165,
2107.665085465, 0.938148743,
2107.685516984, 0.938174238,
2107.705948703, 0.941445799,
2107.726380223, 0.946844476,
2107.746811842, 0.950452220,
2107.767243561, 0.949736980,
2107.808106700, 0.946221592,
2107.828538420, 0.937689015,
2107.848969939, 0.944172922,
2107.869401559, 0.935821628,
2107.889833279, 0.937057006,
2107.910264798, 0.928113422,
2107.930696418, 0.931962445,
2107.951128138, 0.934302755,
2107.971559658, 0.938855515,
2107.991991378, 0.939919001,
2108.012422998, 0.935997038,
2108.053286238, 0.945462497,
2108.073717858, 0.936256780,
2108.094149478, 0.928956973,
2108.114581098, 0.935666579,
2108.135012718, 0.934995527,
2108.155444338, 0.930907634,
2108.175876059, 0.926150844,
2108.196307579, 0.931431384,
2108.216739300, 0.938566272,
2108.237170920, 0.944265887,
2108.257602441, 0.948203972,
2108.298465782, 0.942540786,
2108.318897302, 0.941187359,
2108.339329023, 0.948219070,
2108.359760644, 0.945601767,
2108.380192165, 0.944411899,
2108.400623886, 0.940183840,
2108.421055506, 0.946201113,
2108.441487127, 0.953083981,
2108.461918748, 0.960828490,
2108.482350270, 0.959183726,
2108.502781991, 0.952087890,
2108.543645233, 0.962022932,
2108.564076854, 0.962057023,
2108.584508476, 0.959474173,
2108.604940097, 0.963728791,
2108.625371719, 0.955327134,
2108.645803340, 0.959521230,
2108.666235062, 0.966300757,
2108.686666683, 0.972231370,
2108.707098205, 0.971173613,
2108.727529927, 0.961820709,
2108.747961548, 0.970777922,
2108.788824792, 0.970644615,
2108.809256414, 0.967774425,
2108.829687936, 0.965772828,
2108.850119658, 0.961067674,
2108.870551280, 0.967125202,
2108.890983002, 0.974520472,
2108.911414525, 0.981667793,
2108.931846147, 0.978445385,
2108.952277869, 0.973213955,
2108.972709392, 0.966611041,
2108.993141014, 0.959687196,
2109.034004259, 0.980742891,
2109.054435882, 0.974215505,
2109.074867604, 0.974979715,
2109.095299127, 0.982637104,
2109.115730850, 0.990387736,
2109.136162373, 0.990534993,
2109.156593996, 0.981698125,
2109.177025719, 0.967935129,
2109.197457242, 0.951992540,
2109.217888865, 0.958712976,
2109.238320588, 0.982814942,
2109.299615458, 1.007517522,
2109.320047081, 1.002939397,
2109.340478805, 0.986085867,
2109.360910328, 0.978270052,
2109.381341952, 0.985611263,
2109.401773676, 0.977501379,
2109.422205199, 0.977421503,
2109.442636823, 0.965323752,
2109.463068547, 0.966031469,
2109.483500071, 0.967621728,
2109.524363419, 0.975496142,
2109.544794943, 0.969676419,
2109.565226667, 0.959680334,
2109.585658292, 0.963976019,
2109.606089816, 0.960868783,
2109.626521540, 0.959933354,
2109.646953165, 0.951798164,
2109.667384789, 0.940566394,
2109.687816414, 0.939411627,
2109.708248038, 0.940446358,
2109.728679663, 0.943485374,
2109.769542913, 0.936102897,
2109.789974537, 0.927212998,
2109.810406262, 0.926039448,
2109.830837787, 0.919213290,
2109.851269513, 0.915946113,
2109.871701038, 0.917115938,
2109.892132663, 0.915185684,
2109.912564388, 0.919006675,
2109.932995914, 0.916580543,
2109.953427539, 0.913744068,
2109.973859265, 0.904718538,
2110.014722516, 0.883898145,
2110.035154142, 0.869040330,
2110.055585667, 0.847402485,
2110.076017393, 0.826224780,
2110.096449019, 0.800380271,
2110.116880545, 0.785986873,
2110.137312271, 0.774114542,
2110.157743897, 0.764184875,
2110.178175523, 0.746738961,
2110.198607150, 0.720051640,
2110.219038776, 0.690360593,
2110.259902029, 0.675060481,
2110.280333656, 0.672511698,
2110.300765382, 0.674494390,
2110.321197009, 0.674455993,
2110.341628536, 0.675006508,
2110.362060263, 0.671218912,
2110.382491890, 0.670280235,
2110.402923517, 0.674337225,
2110.423355144, 0.682394196,
2110.443786771, 0.690644720,
2110.464218398, 0.688269162,
2110.505081553, 0.696604759,
2110.525513280, 0.701061027,
2110.545944908, 0.710926448,
2110.566376435, 0.711494507,
2110.586808163, 0.721205495,
2110.607239791, 0.731092111,
2110.627671519, 0.739630063,
2110.648103047, 0.746206717,
2110.668534675, 0.749776500,
2110.688966403, 0.756368309,
2110.709397931, 0.750899668,
2110.770692816, 0.961682347,
2110.791124444, 0.900482231,
2110.811556173, 0.844427386,
2110.831987701, 0.864040685,
2110.852419430, 0.888195024,
2110.872851059, 0.888092147,
2110.893282688, 0.885463905,
2110.913714316, 0.881305527,
2110.934145945, 0.879128512,
2110.954577575, 0.884300374,
2110.975009204, 0.898015280,
2110.995440833, 0.902897108,
2111.015872462, 0.905724256,
2111.036304192, 0.908501646,
2111.056735721, 0.917751951,
2111.077167451, 0.934704903,
2111.097599080, 0.943807518,
2111.118030610, 0.944360816,
2111.138462340, 0.944745603,
2111.158893870, 0.931172115,
2111.179325500, 0.929818721,
2111.199757230, 0.920542952,
2111.261052121, 0.968572346,
2111.281483651, 0.963996094,
2111.301915381, 0.963563794,
2111.322347012, 0.967822429,
2111.342778543, 0.970632336,
2111.363210273, 0.969448539,
2111.383641904, 0.973191479,
2111.404073535, 0.964584228,
2111.424505166, 0.964591105,
2111.444936797, 0.966763528,
2111.485800060, 0.982920477,
2111.506231691, 0.976087343,
2111.526663422, 0.972232129,
2111.547095054, 0.975792233,
2111.567526586, 0.978526015,
2111.587958317, 0.979401408,
2111.608389949, 0.980413938,
2111.628821481, 0.975777509,
2111.649253213, 0.961474155,
2111.669684845, 0.973906039,
2111.690116577, 0.976998081,
2111.730979741, 0.978288894,
2111.751411474, 0.986856277,
2111.771843006, 0.982553300,
2111.792274639, 0.984312743,
2111.812706271, 0.976989168,
2111.833137904, 0.973937864,
2111.853569537, 0.978722416,
2111.874001170, 0.983262674,
2111.894432803, 0.988476850,
2111.914864536, 0.990513930,
2111.935296069, 0.982719324,
2111.976159436, 1.016546540,
2111.996590969, 1.006434361,
2112.017022603, 0.990290611,
2112.037454337, 0.985045407,
2112.057885970, 0.979873014,
2112.078317604, 0.976631766,
2112.098749238, 0.983021171,
2112.119180872, 0.979344674,
2112.139612506, 0.978262745,
2112.160044141, 0.970884186,
2112.180475775, 0.968833583,
2112.221339044, 0.997623383,
2112.241770678, 0.983857779,
2112.262202413, 0.967777701,
2112.282633948, 0.959007524,
2112.303065683, 0.963286190,
2112.323497318, 0.954962179,
2112.343928853, 0.949198475,
2112.364360588, 0.937292175,
2112.384792223, 0.933603942,
2112.405223759, 0.929054606,
2112.425655494, 0.932146399,
2112.466518665, 0.923389260,
2112.486950401, 0.907543187,
2112.507382037, 0.896621056,
2112.527813673, 0.891765861,
2112.548245309, 0.882182991,
2112.568676945, 0.866499117,
2112.589108581, 0.851575431,
2112.609540217, 0.841367077,
2112.629971854, 0.827584239,
2112.650403490, 0.819733825,
2112.670835127, 0.804861884,
2112.711698501, 0.773412558,
2112.732130038, 0.752306246,
2112.752561775, 0.728763617,
2112.772993412, 0.818868198,
2112.793424949, 0.796395165,
2112.813856686, 0.792992012,
2112.834288324, 0.778476456,
2112.854719861, 0.757684648,
2112.875151599, 0.739162287,
2112.895583237, 0.734138722,
2112.956878150, 0.755741183,
2112.977309889, 0.697614979,
2112.997741427, 0.708877048,
2113.018173065, 0.709185182,
2113.038604804, 0.723762814,
2113.059036342, 0.723492041,
2113.079467981, 0.721337785,
2113.140762997, 0.821270297,
2113.161194637, 0.825338545,
2113.242921094, 0.892120753,
2113.263352833, 0.908513998,
2113.283784473, 0.920016394,
2113.304216113, 0.935602490,
2113.324647753, 0.929206638,
2113.345079393, 0.914816388,
2113.365511133, 0.981350632,
2113.385942673, 0.990780311,
2113.406374314, 1.057287355,
2113.426806054, 1.026490513,
2113.447237595, 0.988965207,
2113.467669235, 0.990754027,
2113.488100976, 1.013118922,
2113.508532517, 1.023376981,
2113.528964258, 1.022309316,
2113.549395899, 1.018959199,
2113.569827440, 1.046636782,
2113.590259182, 1.063122358,
2113.610690823, 1.065054321,
2113.631122365, 1.061982165,
2113.651554106, 1.062108610,
2113.692417290, 1.066173587,
2113.712849032, 1.084259862,
2113.733280674, 1.087404389,
2113.753712416, 1.065675483,
2113.774143959, 1.081328573,
2113.794575601, 1.104195974,
2113.815007244, 1.103396298,
2113.835438986, 1.097678790,
2113.855870529, 1.090092162,
2113.876302272, 1.100168655,
2113.896733815, 1.112095445,
2113.937597202, 1.085368875,
2113.958028745, 1.089968782,
2113.978460488, 1.103710524,
2113.998892132, 1.096350061,
2114.019323676, 1.089924949,
2114.039755419, 1.119261211,
2114.060187063, 1.118443891,
2114.080618607, 1.112863044,
2114.101050352, 1.105001398,
2114.121481996, 1.105922358,
2114.141913740, 1.119954510,
2114.182776929, 1.114673394,
2114.203208674, 1.092698804,
2114.223640219, 1.112650421,
2114.244071864, 1.108436920,
2114.264503609, 1.095702419,
2114.284935154, 1.121158087,
2114.305366899, 1.128011693,
2114.325798545, 1.118600357,
2114.346230190, 1.106640824,
2114.366661836, 1.132962741,
2114.427956774, 1.155428725,
2114.448388420, 1.222685665,
2114.468820066, 1.101638297,
2114.489251713, 1.108565668,
2114.509683359, 1.115075026,
2114.530115106, 1.093507930,
2114.550546653, 1.122989529,
2114.570978300, 1.127594477,
2114.591410046, 1.114881116,
2114.611841594, 1.105038543,
2114.632273241, 1.122036198,
2114.673136536, 1.148968749,
2114.693568183, 1.084080544,
2114.713999931, 1.135266281,
2114.734431479, 1.153361962,
2114.754863227, 1.179340951,
2114.775294875, 1.091770554,
2114.795726423, 1.081818528,
2114.816158171, 1.092288772,
2114.836589820, 1.073976727,
2114.857021369, 1.094771492,
2114.877453117, 1.089306949,
2114.938748064, 1.229867960,
2114.959179713, 1.157347832,
2114.979611463, 1.119028315,
2115.000043012, 1.111227835,
2115.020474662, 1.105891239,
2115.040906411, 1.043353161,
2115.061338061, 1.093188007,
2115.081769611, 1.134776111,
2115.102201361, 1.037690829,
2115.122633012, 1.023487937,
2115.183927963, 1.023252265,
2115.204359614, 0.979557442,
2115.224791265, 0.955723548,
2115.245222916, 0.962805154,
2115.265654567, 0.933280873,
2115.286086218, 0.952404622,
2115.306517969, 0.929423327,
2115.326949521, 0.818015655,
2115.347381172, 0.769728085,
2115.367812924, 0.749853585,
2115.408676128, 0.694943749,
2115.429107880, 0.710222220,
2115.449539433, 0.702286862,
2115.469971085, 0.718005554,
2115.490402838, 0.649013539,
2115.510834390, 0.629266548,
2115.531266143, 0.631321449,
2115.551697796, 0.629253075,
2115.572129449, 0.625407930,
2115.592561102, 0.618723356,
2115.612992756, 0.638183101,
2115.653856063, 0.653254530,
2115.674287716, 0.655295346,
2115.694719370, 0.705533979,
2115.715151124, 0.645124876,
2115.735582678, 0.640591619,
2115.756014433, 0.669708245,
2115.776446087, 0.680277718,
2115.796877642, 0.681469079,
2115.817309396, 0.722139181,
2115.837741051, 0.736635165,
2115.858172606, 0.747562442,
2115.899036016, 0.832261038,
2115.919467672, 0.852562158,
2115.939899327, 0.817090410,
2115.960330883, 0.846551654,
2115.980762639, 0.878231885,
2116.001194295, 0.879649929,
2116.021625851, 0.904287537,
2116.042057607, 0.937658265,
2116.062489263, 0.951865900,
2116.082920919, 0.955385885,
2116.103352576, 0.967761803,
2116.144215990, 1.032551092,
2116.164647547, 1.037770529,
2116.185079204, 1.108933971,
2116.205510961, 1.018094889,
2116.225942619, 1.009236209,
2116.246374176, 1.036879230,
2116.266805934, 1.035734125,
2116.287237592, 1.032699887,
2116.307669250, 1.069046516,
2116.328100908, 1.072635200,
2116.348532566, 1.065735125,
2116.389395883, 1.170608261,
2116.409827542, 1.067425263,
2116.430259300, 1.072595154,
2116.450690859, 1.082698429,
2116.471122519, 1.062781557,
2116.491554278, 1.094564981,
2116.511985837, 1.101746774,
2116.532417597, 1.092451813,
2116.552849256, 1.087941881,
2116.573280816, 1.105531753,
2116.593712576, 1.183790814,
2116.634575797, 1.101323121,
2116.655007557, 1.082066127,
2116.675439118, 1.117826849,
2116.736734100, 1.122089019,
2116.757165861, 1.140088549,
2116.777597523, 1.191026066,
2116.798029184, 1.169272973,
2116.818460845, 1.165897005,
2116.900187493, 1.165155234,
2116.920619256, 1.158705347,
2116.941050918, 1.132280417,
2116.961482481, 1.153962511,
2116.981914243, 1.167140073,
2117.002345906, 1.126731064,
2117.022777469, 1.097363047,
2117.043209232, 1.122523320,
2117.063640896, 1.101062813,
2117.145367651, 1.162895543,
2117.165799215, 1.181788286,
2117.186230879, 1.227393675,
2117.206662543, 1.113311667,
2117.227094208, 1.096215026,
2117.247525873, 1.101594751,
2117.267957537, 1.113362568,
2117.288389202, 1.097333296,
2117.308820968, 1.094581868,
2117.329252533, 1.116355714,
2117.390547530, 1.148580877,
2117.410979196, 1.155687373,
2117.431410962, 1.141832300,
2117.451842628, 1.140444582,
2117.472274294, 1.072808264,
2117.492705961, 1.109778366,
2117.513137627, 1.131187588,
2117.533569294, 1.185207954,
2117.554000961, 1.128413745,
2117.574432628, 1.056556274,
2117.594864396, 1.070953909,
2117.615295963, 1.074080886,
2117.635727631, 1.044512520,
2117.676590966, 1.068287825,
2117.697022734, 1.057812223,
2117.717454403, 1.039821436,
2117.737885971, 1.029394855,
2117.758317740, 1.032071262,
2117.778749408, 1.009417255,
2117.799180977, 1.070404634,
2117.819612746, 1.040778507,
2117.880907754, 1.015010260,
2117.901339424, 0.957854633,
2117.921771094, 0.946813650,
2117.942202764, 0.923803247,
2117.962634434, 0.900389523,
2117.983066104, 0.876711617,
2118.003497774, 0.893002661,
2118.023929445, 0.943110508,
2118.044361116, 0.845405332,
2118.064792787, 0.836335263,
2118.105656229, 0.882690511,
2118.126087800, 0.872398845,
2118.146519572, 0.878719529,
2118.166951244, 0.838446594,
2118.187382816, 0.884428570,
2118.207814588, 0.899262057,
2118.228246260, 0.902045859,
2118.248677832, 0.851432314,
2118.269109605, 0.873947663,
2118.289541277, 0.882245437,
2118.309973050, 0.890273854,
2118.350836297, 0.952635296,
2118.371268070, 0.960388532,
2118.391699643, 0.949136436,
2118.412131317, 0.976500070,
2118.432563091, 1.038514793,
2118.452994665, 0.948481496,
2118.473426439, 0.941175939,
2118.493858113, 0.962172636,
2118.514289688, 0.950836922,
2118.534721463, 0.979344150,
2118.555153137, 0.984018181,
2118.596016488, 1.023976931,
2118.677743190, 0.984261381,
2118.698174866, 1.002952635,
2118.718606542, 0.997837884,
2118.739038218, 1.012396759,
2118.759469895, 1.023447086,
2118.779901572, 1.018462016,
2118.800333249, 1.020414769,
2118.841196603, 1.105836126,
2118.861628380, 1.024344780,
2118.882060058, 1.020352838,
2118.902491635, 1.030929564,
2118.922923413, 1.023779597,
2118.943355091, 1.055255138,
2118.963786669, 1.049948703,
2118.984218448, 1.050029588,
2119.004650126, 1.062443914,
2119.025081705, 1.143097667,
2119.045513484, 1.117913713,
2119.106808522, 1.045482132,
2119.127240201, 1.050207708,
2119.147671981, 1.074124388,
2119.168103561, 1.080678102,
2119.188535241, 1.077561146,
2119.208967021, 1.074633251,
2119.229398602, 1.099510181,
2119.249830382, 1.105458182,
2119.270262063, 1.103598101,
2119.290693744, 1.098123235,
2119.351988688, 1.147568173,
2119.372420469, 1.118215330,
2119.392852151, 1.100483309,
2119.413283933, 1.152188276,
2119.433715515, 1.162484646,
2119.454147198, 1.192692234,
2119.474578980, 1.107197814,
2119.495010563, 1.099751332,
2119.515442246, 1.116374709,
2119.535874029, 1.113455411,
2119.576737296, 1.165162539,
2119.597169079, 1.158775664,
2119.617600663, 1.116792578,
2119.638032447, 1.128136664,
2119.658464131, 1.161419953,
2119.678895715, 1.217703517,
2119.699327500, 1.161327638,
2119.719759185, 1.090377041,
2119.740190870, 1.112483102,
2119.760622555, 1.117675742,
2119.781054240, 1.099055968,
2119.821917611, 1.156081288,
2119.842349296, 1.160927125,
2119.862781082, 1.103547009,
2119.883212768, 1.161830978,
2119.903644355, 1.157118605,
2119.924076041, 1.170548597,
2119.944507728, 1.096780853,
2119.964939415, 1.107081748,
2119.985371202, 1.113026450,
2120.005802789, 1.089313285,
2120.026234576, 1.127218865,
2120.067097852, 1.157678098,
2120.087529640, 1.160544564,
2120.107961328, 1.156982233,
2120.128392916, 1.149556359,
2120.148824704, 1.105839299,
2120.169256393, 1.149673560,
2120.189688182, 1.215139375,
2120.210119771, 1.121511930,
2120.230551460, 1.076823209,
2120.250983250, 1.100276751,
2120.271414839, 1.096572692,
2120.312278319, 1.131716451,
2120.332709909, 1.062622600,
2120.353141599, 1.118445198,
2120.373573390, 1.119847271,
2120.394004981, 1.133186879,
2120.414436771, 1.045863699,
2120.434868463, 1.049769671,
2120.455300154, 1.046770966,
2120.475731845, 1.023625071,
2120.496163537, 1.042579241,
2120.516595229, 1.035040858,
2120.557458613, 1.018817702,
2120.577890405, 0.991119103,
2120.598321998, 1.001925305,
2120.618753691, 0.984108161,
2120.639185484, 0.985108582,
2120.659617077, 0.985358051,
2120.680048770, 0.967127561,
2120.700480564, 0.945415420,
2120.720912157, 0.947601608,
2120.741343851, 0.956355996,
2120.761775645, 0.982323109,
2120.802639034, 0.889641766,
2120.823070729, 0.887623743,
2120.843502324, 0.871965857,
2120.863934119, 0.880605815,
2120.925229205, 0.869910195,
2120.945660901, 0.907810471,
2120.966092697, 0.920279805,
2120.986524293, 0.900119159,
2121.006955990, 0.889780853,
2121.068251080, 1.002605477,
2121.088682877, 0.987234689,
2121.109114575, 0.987157374,
2121.129546172, 0.988141870,
2121.149977970, 0.953942063,
2121.170409668, 0.944080085,
2121.190841366, 0.961430022,
2121.211273064, 0.970689370,
2121.231704763, 0.973132720,
2121.252136462, 0.982067228,
2121.272568161, 0.974739677,
2121.292999860, 0.965481413,
2121.313431559, 1.001191991,
2121.333863259, 1.006901817,
2121.354295058, 1.064643222,
2121.374726658, 1.025784772,
2121.395158358, 0.983695644,
2121.415590159, 0.976968334,
2121.436021759, 1.002356698,
2121.456453460, 0.908287995,
2121.476885261, 0.912687222,
2121.497316862, 0.909490741,
2121.538180365, 0.908927166,
2121.558611966, 0.912075537,
2121.579043768, 0.927691672,
2121.599475471, 0.927621429,
2121.619907173, 0.960069012,
2121.640338875, 0.931644837,
2121.660770578, 0.940742439,
2121.681202281, 0.960882963,
2121.701633984, 0.951763513,
2121.722065687, 0.972657339,
2121.742497491, 0.950100453,
2121.783360799, 0.955262822,
2121.824224307, 0.961087181,
2121.844655912, 0.970313435,
2121.865087716, 0.971452602,
2121.885519421, 0.965251825,
2121.905951026, 0.959285719,
2121.926382832, 0.988725085,
2121.946814537, 0.992618681,
2121.967246243, 0.980849769,
2121.987677949, 1.002352594,
2122.048973068, 0.984418436,
2122.069404675, 0.979277784,
2122.089836482, 0.974574826,
2122.110268189, 0.980120549,
2122.130699997, 0.984896385,
2122.151131604, 0.989300184,
2122.171563312, 1.012541849,
2122.191995120, 0.977221188,
2122.212426728, 1.001891078,
2122.232858437, 0.995394218,
2122.273721954, 0.930402917,
2122.294153563, 0.993879244,
2122.314585372, 0.987823579,
2122.335017082, 0.984442864,
2122.355448792, 0.980470792,
2122.375880502, 0.998353843,
2122.396312212, 0.989511453,
2122.416743922, 0.991349298,
2122.437175632, 0.985731086,
2122.457607343, 1.011435173,
2122.478039154, 1.002010925,
2122.518902577, 1.017773782,
2122.539334288, 0.986953232,
2122.559765900, 1.008800392,
2122.580197712, 1.000640550,
2122.600629424, 1.011500076,
2122.621061037, 0.990209307,
2122.641492849, 0.988653363,
2122.661924462, 0.980894654,
2122.702787988, 0.992834304,
2122.723219602, 0.943894941,
2122.784514744, 0.971667157,
2122.804946558, 0.979265261,
2122.825378272, 1.003196335,
2122.845809987, 0.961137944,
2122.866241702, 0.990162087,
2122.886673417, 0.975222338,
2122.907105233, 0.980355288,
2122.927536948, 0.945730298,
2122.947968564, 0.949799247,
2122.968400380, 0.976323052,
2123.029695530, 0.939373211,
2123.050127247, 0.923642023,
2123.070559064, 0.917648504,
2123.090990681, 0.903338088,
2123.131854216, 0.882675788,
2123.152285834, 0.860484961,
2123.172717553, 0.854369131,
2123.193149371, 0.819207745,
2123.234012709, 0.806356682,
2123.274876147, 0.741890299,
2123.295307967, 0.738119610,
2123.315739586, 0.702625990,
2123.336171306, 0.698612881,
2123.356603126, 0.689165737,
2123.377034747, 0.673087754,
2123.397466468, 0.669504051,
2123.417898288, 0.670501279,
2123.438329909, 0.650719679,
2123.458761731, 0.645451554,
2123.499625174, 0.675726549,
2123.520056896, 0.685222367,
2123.540488618, 0.707616919,
2123.560920341, 0.721310327,
2123.581352063, 0.751942127,
2123.601783786, 0.748467083,
2123.622215609, 0.748132610,
2123.642647332, 0.780922794,
2123.663078956, 0.789899383,
2123.683510780, 0.798014515,
2123.703942504, 0.802551757,
2123.744805952, 0.802396713,
2123.765237677, 0.805683391,
2123.785669302, 0.807412526,
2123.806101127, 0.807618693,
2123.826532852, 0.836997888,
2123.846964678, 0.843497656,
2123.867396303, 0.841881760,
2123.887828029, 0.858943448,
2123.908259756, 0.848965359,
2123.928691482, 0.848577171,
2123.949123209, 0.853367946,
2123.989986663, 0.869662711,
2124.010418490, 0.882172157,
2124.030850117, 0.889696946,
2124.051281845, 0.918209777,
2124.071713673, 0.892721874,
2124.092145302, 0.906021401,
2124.112577030, 0.928833401,
2124.133008859, 0.922478087,
2124.153440588, 0.941611551,
2124.173872217, 0.918610731,
2124.194304046, 0.914009406,
2124.235167506, 0.929669757,
2124.255599236, 0.947170778,
2124.276030966, 0.961618270,
2124.296462797, 0.956642410,
2124.316894428, 0.947141713,
2124.337326159, 0.970250271,
2124.357757990, 0.965841821,
2124.378189621, 0.966453715,
2124.398621453, 0.982225140,
2124.419053185, 0.955458851,
2124.439484817, 0.946989289,
2124.480348382, 0.957994317,
2124.500780015, 0.975110182,
2124.521211848, 0.968236392,
2124.541643581, 0.980969893,
2124.562075315, 0.961419291,
2124.582507049, 0.978874112,
2124.602938783, 0.990825669,
2124.623370517, 0.984417200,
2124.643802252, 0.991260081,
2124.664233986, 0.954951049,
2124.684665721, 0.979626979,
2124.745960928, 0.971034256,
2124.766392664, 0.979751303,
2124.786824500, 0.978761724,
2124.807256236, 0.979388400,
2124.827687873, 1.006478995,
2124.848119710, 0.973300841,
2124.868551447, 0.990696171,
2124.888983084, 0.998364869,
2124.909414922, 0.991310336,
2124.929846659, 0.999286501,
2124.991141874, 0.975076056,
2125.011573713, 0.971056324,
2125.032005352, 0.980804409,
2125.052437091, 0.984478369,
2125.072868931, 0.981693650,
2125.093300571, 0.984253826,
2125.113732310, 1.000067119,
2125.134164151, 0.980395972,
2125.154595791, 0.971923450,
2125.175027632, 0.973352408,
2125.195459373, 0.979727563,
2125.215891014, 0.995985577,
2125.236322855, 0.992276359,
2125.277186339, 0.999679405,
2125.297618081, 0.995289145,
2125.318049823, 0.979755415,
2125.338481566, 0.961070107,
2125.358913309, 0.959924855,
2125.379345052, 0.977923651,
2125.399776795, 0.964312833,
2125.420208539, 0.980015477,
2125.461072027, 0.972981536,
2125.481503771, 0.977096704,
2125.501935616, 0.968451856,
2125.522367360, 0.999363407,
2125.542799005, 0.968642771,
2125.563230851, 0.957637133,
2125.583662596, 0.979407351,
2125.604094242, 0.978523739,
2125.624526088, 0.968136878,
2125.644957834, 0.973480185,
2125.665389481, 0.973956212,
2125.706253075, 0.943278775,
2125.726684922, 0.942686529,
2125.747116569, 0.937490066,
2125.767548317, 0.942736177,
2125.787980165, 0.941471423,
2125.808411813, 0.954914599,
2125.828843562, 0.929815846,
2125.849275411, 0.915519962,
2125.869707060, 0.929488564,
2125.890138909, 0.931457935,
2125.910570658, 0.920057970,
2125.951434158, 0.900881925,
2125.971865808, 0.917821997,
2125.992297659, 0.884712271,
2126.012729409, 0.889156186,
2126.033161160, 0.891799912,
2126.053592812, 0.880255373,
2126.074024663, 0.866590169,
2126.094456415, 0.872507478,
2126.114888167, 0.864154936,
2126.135319919, 0.846484351,
2126.155751671, 0.811696808,
2126.196615177, 0.811197974,
2126.217046930, 0.816705785,
2126.237478784, 0.823263806,
2126.257910438, 0.815515374,
2126.278342292, 0.823811725,
2126.298774046, 0.801733397,
2126.319205700, 0.790705280,
2126.339637555, 0.801920858,
2126.360069310, 0.811594198,
2126.380500965, 0.806845056,
2126.400932821, 0.893014922,
2126.441796233, 0.845783415,
2126.462228089, 0.857759333,
2126.482659845, 0.854299011,
2126.503091702, 0.878678876,
2126.523523359, 0.869163770,
2126.543955117, 0.871494682,
2126.564386974, 0.884139481,
2126.584818732, 0.886167163,
2126.605250390, 0.911868774,
2126.625682148, 0.929125302,
2126.646114007, 0.887853738,
2126.686977525, 0.921247206,
2126.707409184, 0.938905198,
2126.727841044, 0.914829834,
2126.748272804, 0.939007660,
2126.768704464, 0.952503447,
2126.789136324, 0.948202735,
2126.809568085, 0.964992789,
2126.829999946, 0.940307159,
2126.850431607, 0.932766670,
2126.870863368, 0.943637385,
2126.891295230, 0.946342534,
2126.952590517, 0.948107158,
2126.973022179, 0.966787208,
2126.993453942, 0.978045547,
2127.013885806, 0.980941659,
2127.034317469, 0.978054063,
2127.054749333, 0.983954543,
2127.075181097, 0.994499330,
2127.095612761, 0.980738361,
2127.116044626, 0.956357930,
2127.136476390, 0.958188791,
2127.197771686, 0.972647124,
2127.218203552, 1.000151301,
2127.238635218, 0.993409517,
2127.259066985, 0.966613838,
2127.279498751, 0.970930835,
2127.299930518, 0.994923864,
2127.320362286, 0.996437854,
2127.340794153, 0.990038360,
2127.361225821, 0.992247012,
2127.381657589, 1.008015627,
2127.422521126, 0.976977722,
2127.442952994, 0.982284536,
2127.463384763, 0.999625531,
2127.483816433, 1.001658069,
2127.504248302, 0.989301578,
2127.545111742, 1.005110360,
2127.565543613, 0.989376588,
2127.585975383, 0.968070123,
2127.606407254, 0.989955603,
2127.626838925, 0.981048972,
2127.688134241, 0.981012621,
2127.708566013, 0.975319216,
2127.728997885, 0.987670634,
2127.749429558, 0.987132165,
2127.769861431, 0.985565994,
2127.790293204, 0.995114745,
2127.810724978, 0.974306378,
2127.831156752, 0.983233767,
2127.851588526, 1.000580058,
2127.892452075, 0.974683872,
2127.912883850, 0.976254558,
2127.933315625, 0.988306432,
2127.953747401, 0.997210481,
2127.974179176, 0.989227664,
2127.994611052, 0.992539641,
2128.015042729, 1.000142456,
2128.035474505, 0.976274482,
2128.055906382, 0.954529658,
2128.076338059, 0.973607733,
2128.096769837, 0.960606564,
2128.117201714, 0.982494630,
2128.158065271, 0.983996109,
2128.178497049, 0.971369116,
2128.198928728, 0.973536998,
2128.219360607, 0.973257400,
2128.239792386, 0.951011944,
2128.260224066, 0.938530784,
2128.280655946, 0.951060590,
2128.301087726, 0.941598983,
2128.341951287, 0.932581768,
2128.362383068, 1.014685372,
2128.423678412, 0.921953277,
2128.444110294, 0.966485864,
2128.464542077, 0.918569806,
2128.484973759, 0.909586320,
2128.505405642, 0.902392686,
2128.525837425, 0.898459414,
2128.546269209, 0.889229742,
2128.566700992, 0.882277566,
2128.587132776, 0.869516876,
2128.627996345, 0.837831275,
2128.648428130, 0.822955210,
2128.689291701, 0.799592127,
2128.709723586, 0.767857602,
2128.730155272, 0.761788176,
2128.771018945, 0.771187788,
2128.791450632, 0.764792488,
2128.811882419, 0.835037330,
2128.832314306, 0.724127365,
2128.852745994, 0.630581453,
2128.914041359, 0.810968585,
2128.934473247, 0.828937493,
2128.954905036, 0.850633774,
2128.975336826, 0.858013988,
2128.995768615, 0.865638673,
2129.016200405, 0.886168156,
2129.036632195, 0.880981242,
2129.057063986, 0.877123229,
2129.077495777, 0.890904333,
2129.097927668, 0.904608698,
2129.159223042, 0.926678398,
2129.179654835, 0.929030496,
2129.200086527, 0.913089225,
2129.220518420, 0.924535888,
2129.240950213, 0.941603955,
2129.261382006, 0.940242157,
2129.281813800, 0.941584365,
2129.302245594, 0.960909539,
2129.322677388, 0.939260004,
2129.343109182, 0.922994082,
2129.383972772, 0.941780868,
2129.404404567, 0.962235899,
2129.424836263, 0.962456713,
2129.445268159, 0.957142944,
2129.465699955, 0.971496932,
2129.486131852, 0.964876610,
2129.506563548, 0.941132461,
2129.526995345, 0.962817679,
2129.547427243, 0.946416455,
2129.567858940, 0.967475793,
2129.588290738, 0.980554429,
2129.649586234, 0.956717307,
2129.670018033, 0.966025563,
2129.690449832, 0.973375070,
2129.710881632, 0.974057084,
2129.731313432, 1.000136898,
2129.751745232, 0.964948726,
2129.772177033, 0.970237428,
2129.792608833, 0.990034775,
2129.813040635, 0.989054457,
2129.833472536, 0.994114279,
2129.874336140, 0.970452074,
2129.894767942, 0.980153597,
2129.915199645, 0.980486667,
2129.935631547, 0.983725445,
2129.956063351, 0.967741132,
2129.976495054, 0.992042020,
2129.996926958, 0.996285332,
2130.017358662, 0.986129047,
2130.037790566, 0.996304730,
2130.058222371, 0.977130441,
2130.078654076, 0.981217063,
2130.119517786, 0.989994188,
2130.139949492, 0.983656011,
2130.160381398, 0.989910953,
2130.180813205, 0.998381596,
2130.201245112, 0.993773714,
2130.221676818, 1.001353981,
2130.242108626, 1.001910347,
2130.262540533, 1.018075736,
2130.282972241, 0.980605254,
2130.303404049, 0.982706249,
2130.385131385, 0.988237992,
2130.405563195, 0.988870861,
2130.425995005, 0.992040146,
2130.446426815, 0.997300234,
2130.466858626, 0.992848995,
2130.487290537, 0.994491624,
2130.507722248, 0.999940035,
2130.528154059, 1.008155507,
2130.548585971, 0.987117491,
2130.569017683, 0.972172987,
2130.630313121, 0.981902857,
2130.650745034, 0.980535562,
2130.671176748, 0.983683594,
2130.691608562, 0.991912997,
2130.712040476, 0.981013344,
2130.732472190, 0.990990643,
2130.752904105, 0.992232955,
2130.773335920, 0.981520180,
2130.793767636, 0.959392652,
2130.875495000, 0.961112130,
2130.895926817, 0.961137034,
2130.916358634, 0.960234058,
2130.936790452, 0.955023352,
2130.957222270, 0.949397103,
2130.977654188, 0.952223744,
2130.998086006, 0.949803728,
2131.018517725, 0.944872232,
2131.038949644, 0.936905956,
2131.059381463, 0.927997479,
2131.120676923, 0.897507134,
2131.141108744, 0.888175393,
2131.161540565, 0.878340387,
2131.181972386, 0.867721194,
2131.202404307, 0.858688303,
2131.222836029, 0.850363713,
2131.243267851, 0.836207841,
2131.263699674, 0.818322791,
2131.284131496, 0.808575530,
2131.304563419, 0.795390493,
2131.365858890, 0.777301856,
2131.386290615, 0.748508638,
2131.406722439, 0.726973359,
2131.427154364, 0.707984099,
2131.447586089, 0.700587081,
2131.468017915, 0.688377559,
2131.488449841, 0.685873087,
2131.508881567, 0.683925534,
2131.529313493, 0.680526908,
2131.549745320, 0.681527189,
2131.590608974, 0.687890548,
2131.611040802, 0.688240249,
2131.631472630, 0.692410389,
2131.651904558, 0.698473593,
2131.672336287, 0.711097095,
2131.692768216, 0.728622653,
2131.713200045, 0.741959754,
2131.733631775, 0.752509316,
2131.754063704, 0.770288900,
2131.774495535, 0.791208430,
2131.794927265, 0.801701127,
2131.856222958, 0.882146807,
2131.876654690, 0.896239249,
2131.897086522, 0.906744296,
2131.917518355, 0.915273800,
2131.958382020, 0.921849872,
2131.978813854, 0.930774021,
2131.999245687, 0.938715484,
2132.019677521, 0.950483521,
2132.060541190, 0.943732297,
2132.080973125, 0.952413715,
2132.101404860, 0.940343376,
2132.121836696, 0.943036912,
2132.142268632, 0.937684894,
2132.162700368, 0.925727208,
2132.183132204, 0.937315508,
2132.203564141, 0.937186685,
2132.223995978, 0.947081501,
2132.244427816, 0.947227252,
2132.264859653, 0.951682779,
2132.285291492, 0.955901068,
2132.326155169, 1.012767269,
2132.346587008, 0.986345866,
2132.367018947, 0.968638720,
2132.387450687, 0.958782109,
2132.407882627, 0.962527598,
2132.428314467, 0.964060882,
2132.448746208, 0.970758869,
2132.469178149, 0.968545039,
2132.489609990, 0.976851705,
2132.510041732, 0.980969862,
2132.530473674, 0.979640987,
2132.571337258, 0.988593443,
2132.591769201, 1.031902313,
2132.612201044, 1.005107686,
2132.632632888, 0.979282603,
2132.653064732, 0.981113351,
2132.673496476, 0.979196034,
2132.693928421, 0.990089033,
2132.714360265, 0.986701988,
2132.755223956, 0.993984870,
2132.775655802, 0.996014202,
2132.836951341, 0.991549663,
2132.857383288, 0.990554003,
2132.877815136, 0.992775968,
2132.898246884, 0.996649625,
2132.918678832, 0.999576329,
2132.939110680, 1.003076620,
2132.959542529, 1.000396334,
2132.979974378, 0.998194967,
2133.000406227, 1.004994502,
2133.020838177, 1.003013292,
2133.082133728, 0.994576671,
2133.102565479, 0.985463492,
2133.122997431, 0.992083587,
2133.143429282, 0.987248050,
2133.163861034, 0.985022794,
2133.184292986, 0.990928781,
2133.204724839, 0.991727058,
2133.225156592, 0.986136827,
2133.245588545, 0.991288849,
2133.266020399, 0.995709629,
2133.306884107, 0.997748811,
2133.327315862, 0.977217470,
2133.347747817, 0.979318708,
2133.368179672, 0.979000585,
2133.388611428, 0.976669738,
2133.409043384, 0.977486722,
2133.429475240, 0.981089602,
2133.449907097, 0.976909301,
2133.470338954, 0.977326654,
2133.490770811, 0.977022704,
2133.511202769, 0.979903368,
2133.552066385, 0.977305632,
2133.572498344, 0.973798137,
2133.592930203, 0.969329864,
2133.633793922, 1.000762405,
2133.674657742, 0.964371409,
2133.695089502, 0.936738390,
2133.715521363, 0.921930514,
2133.735953325, 0.920387467,
2133.756385086, 0.908135026,
2133.776816948, 0.900201080,
2133.797248911, 0.897463260,
2133.817680673, 0.883345853,
2133.838112536, 0.871705484,
2133.858544499, 0.863532269,
2133.878976263, 0.857411416,
2133.899408227, 0.845536951,
2133.919840091, 0.843824665,
2133.940271856, 0.843559138,
2133.960703821, 0.865607972,
2133.981135587, 0.840422605,
2134.001567552, 0.818225447,
2134.062863151, 0.838351052,
2134.083295018, 0.860975802,
2134.103726886, 0.870399197,
2134.124158753, 0.834835818,
2134.144590621, 0.829913769,
2134.165022490, 0.815565023,
2134.205886228, 0.816965057,
2134.226318097, 0.817941562,
2134.246750067, 0.822340285,
2134.267181837, 0.820436265,
2134.287613807, 0.827330716,
2134.308045678, 0.835558683,
2134.328477449, 0.840463428,
2134.369341292, 0.854794953,
2134.389773064, 0.872286583,
2134.430636910, 0.851206381,
2134.451068883, 0.876393453,
2134.471500656, 0.885051225,
2134.491932530, 0.881835685,
2134.553228154, 0.905843937,
2134.573660029, 0.911997429,
2134.594091904, 0.948873379,
2134.614523880, 0.958951812,
2134.634955756, 0.928322280,
2134.655387533, 0.915552295,
2134.675819510, 0.918769218,
2134.716683165, 0.925910612,
2134.777978800, 0.935445874,
2134.798410779, 0.936031746,
2134.818842658, 0.938670069,
2134.839274538, 0.943329025,
2134.859706418, 0.952838071,
2134.880138298, 0.952645344,
2134.900570279, 0.955881427,
2134.921002060, 0.964538812,
2134.941433942, 0.966912815,
2134.961865924, 0.973754539,
2134.982297706, 0.971415314,
2135.043593354, 0.967734691,
2135.064025338, 0.968155083,
2135.084457221, 0.977326308,
2135.104889006, 0.975852704,
2135.125320990, 0.975930216,
2135.145752875, 0.983616945,
2135.166184860, 0.989277587,
2135.186616646, 0.986651970,
2135.207048532, 0.986242701,
2135.227480518, 0.995064104,
2135.268344192, 0.986089273,
2135.288776180, 0.985938093,
2135.309207967, 0.980934110,
2135.329639855, 0.988341621,
2135.350071744, 0.990910997,
2135.370503633, 0.995281479,
2135.390935622, 0.992436916,
2135.411367511, 0.993707437,
2135.431799301, 1.004520242,
2135.452231291, 1.003232725,
2135.472663182, 1.014191147,
2135.533958856, 1.027097578,
2135.554390848, 0.999482246,
2135.574822640, 0.986247642,
2135.595254533, 0.986352429,
2135.615686526, 0.983582273,
2135.636118319, 0.983651206,
2135.656550213, 0.987692893,
2135.676982207, 0.991126250,
2135.697414001, 0.988986251,
2135.717845996, 0.992711419,
2135.779141683, 0.998770118,
2135.799573579, 0.998625212,
2135.820005376, 0.999771868,
2135.840437373, 0.996726216,
2135.860869270, 1.013538647,
2135.881301168, 1.044678501,
2135.901733066, 1.029667288,
2135.922164964, 0.998706157,
2135.942596963, 0.978633220,
2135.963028762, 0.980812204,
2135.983460661, 0.976533392,
2136.003892561, 0.975747729,
2136.024324461, 0.979544086,
2136.044756362, 0.975738230,
2136.065188363, 0.975263852,
2136.085620164, 0.976563570,
2136.106052166, 0.985726405,
2136.126484067, 0.979497427,
2136.146915870, 0.987043497,
2136.167347873, 0.989863690,
2136.187779776, 0.974736269,
2136.208211579, 0.956596538,
2136.249075487, 0.968670473,
2136.269507492, 0.970920184,
2136.289939296, 0.964919877,
2136.330803207, 0.974060428,
2136.351235013, 0.971986362,
2136.371666919, 0.940573251,
2136.392098926, 0.954408787,
2136.412530733, 0.947944963,
2136.432962641, 0.929948397,
2136.453394649, 0.915424324,
2136.514690374, 0.899340669,
2136.535122283, 0.893970401,
2136.555554193, 0.876713798,
2136.575986103, 0.866728360,
2136.596418013, 0.855869786,
2136.616849924, 0.841553791,
2136.637281835, 0.826677967,
2136.657713746, 0.823387544,
2136.678145658, 0.812495612,
2136.698577570, 0.810842704,
2136.759873309, 0.763927112,
2136.780305323, 0.764148296,
2136.800737137, 0.762241623,
2136.821169151, 0.764880574,
2136.841601066, 0.773645954,
2136.862032881, 0.774951177,
2136.882464896, 0.782068366,
2136.902896812, 0.790322419,
2136.923328628, 0.799103881,
2136.943760645, 0.807367744,
2137.005056397, 0.858849770,
2137.025488315, 0.871006482,
2137.045920333, 0.874702248,
2137.066352152, 0.864608489,
2137.086784071, 0.864230569,
2137.107216091, 0.857553779,
2137.127647911, 0.867924287,
2137.148079831, 0.872644493,
2137.168511852, 0.887366721,
2137.188943773, 0.889672712,
2137.250239538, 0.902968341,
2137.270671461, 0.911853247,
2137.291103384, 0.914912431,
2137.311535307, 0.927095830,
2137.331967230, 0.928861238,
2137.352399154, 0.938131961,
2137.372831079, 0.944925268,
2137.393263003, 0.948023198,
2137.413694929, 0.949705784,
2137.434126954, 0.963018701,
2137.495422733, 1.005472409,
2137.515854560, 1.001747731,
2137.536286587, 0.978559785,
2137.556718515, 0.958946016,
2137.577150343, 0.966100077,
2137.597582372, 0.964360477,
2137.618014301, 0.971482175,
2137.638446130, 0.973943818,
2137.658878159, 0.972651482,
2137.679310089, 0.978151454,
2137.720173951, 0.970385709,
2137.740605882, 0.977552741,
2137.761037913, 0.972088881,
2137.781469745, 0.975387282,
2137.801901677, 0.981273481,
2137.822333710, 0.979075766,
2137.842765543, 0.984991325,
2137.863197476, 0.989933212,
2137.883629510, 0.992048346,
2137.904061444, 0.991856187,
2137.924493379, 0.995442387,
2137.965357149, 0.991071810,
2137.985789185, 0.985920245,
2138.006221121, 0.991234345,
2138.026652958, 0.996329672,
2138.047084994, 0.993163329,
2138.067516932, 0.996592453,
2138.087948969, 1.003512310,
2138.108380807, 1.002520278,
2138.128812746, 1.019840799,
2138.149244784, 0.997199856,
2138.169676623, 0.979837147,
2138.230972443, 1.037798166,
2138.251404484, 1.052537038,
2138.271836425, 1.025090874,
2138.292268266, 1.010141972,
2138.312700308, 0.989216642,
2138.333132250, 0.984084717,
2138.353564093, 0.987810933,
2138.373996136, 0.985235545,
2138.394428079, 0.986081341,
2138.414860023, 0.987530650,
2138.455723911, 0.987983662,
2138.476155956, 0.991092369,
2138.517019747, 0.993592764,
2138.537451793, 0.992164585,
2138.557883739, 1.000215786,
2138.578315586, 1.001930371,
2138.598747633, 1.009834663,
2138.619179481, 0.972878582,
2138.639611529, 0.975445886,
2138.660043477, 0.992489044,
2138.721339325, 0.972375359,
2138.741771175, 0.974066075,
2138.762203225, 0.965304249,
2138.782635176, 0.967088308,
